   Measure:   >MELAINC <
   D-RType:   >    CMYR<
1890      77989.15      77989.15          0.00
1895      97545.26      97545.20          0.05
1900     110314.22     110310.85          3.37
1905     144530.25     144508.52         21.73
1910     169126.64     169043.69         82.95
1915     198791.33     198548.94        242.39
1920     240761.59     240155.86        605.73
1925     278119.72     276813.50       1306.22
1930     297069.56     294634.81       2434.75
1935     296211.56     291916.75       4294.81
1940     323871.53     315812.75       8058.78
1945     387979.88     372864.22      15115.66
1950     460501.50     434281.50      26220.00
1955     507341.59     466235.16      41106.44
1960     550710.63     490267.34      60443.28
1965     570337.56     488295.56      82042.00
1970     575221.56     471062.81     104158.75
1975     592791.75     464093.03     128698.72
1980     624367.00     467644.47     156722.53
1985     662744.06     474379.66     188364.41
1990     702112.56     479305.84     222806.72
1995     741667.06     482267.75     259399.31
2000     780910.31     483740.47     297169.84
2005     820846.13     485410.94     335435.19
2010     859962.75     486829.84     373132.91
2015     896642.38     488001.63     408640.75
2020     928472.88     488924.97     439547.91
2025     953901.50     489493.81     464407.69
2030     974202.63     489672.94     484529.69
2035     990064.81     489684.00     500380.81
2040    1002389.38     489684.44     512704.94
2045    1011500.94     489684.69     521816.25
2050    1018592.13     489684.75     528907.38
2055    1023984.06     489684.75     534299.31
2060    1027781.25     489684.75     538096.50
2065    1030392.25     489684.75     540707.50
2070    1032265.13     489684.75     542580.38
2075    1033718.94     489684.75     544034.19
2080    1034811.38     489684.75     545126.63
2085    1035526.94     489684.75     545842.19
2090    1035870.69     489684.75     546185.94
2095    1036024.19     489684.75     546339.44
2100    1036084.81     489684.75     546400.06
   Measure:   >MELAMORT<
   D-RType:   >    CMYR<
1890      10257.56      10257.56          0.00
1895      12399.11      12399.10          0.01
1900      13967.91      13967.24          0.67
1905      17078.20      17073.98          4.22
1910      20366.53      20351.07         15.46
1915      23692.14      23648.58         43.56
1920      27763.34      27658.10        105.24
1925      31510.31      31288.72        221.59
1930      33103.00      32696.77        406.23
1935      33220.29      32511.10        709.19
1940      37981.32      36672.70       1308.61
1945      46021.36      43617.51       2403.84
1950      55545.63      51456.69       4088.95
1955      62750.72      56418.05       6332.68
1960      69520.29      60278.79       9241.50
1965      73635.45      61195.66      12439.78
1970      75634.70      60067.02      15567.68
1975      78496.55      59570.70      18925.85
1980      82468.80      59832.43      22636.38
1985      87015.70      60317.61      26698.09
1990      91713.70      60703.55      31010.14
1995      96478.01      60985.54      35492.47
2000     101187.73      61155.29      40032.44
2005     105822.12      61280.71      44541.40
2010     110276.99      61366.99      48910.00
2015     114391.48      61427.74      52963.75
2020     117911.42      61469.00      56442.42
2025     120698.57      61493.58      59204.99
2030     122944.28      61503.88      61440.40
2035     124721.76      61506.97      63214.79
2040     126117.03      61507.88      64609.15
2045     127168.66      61508.39      65660.27
2050     127983.88      61508.66      66475.22
2055     128598.34      61508.67      67089.67
2060     129030.25      61508.67      67521.58
2065     129324.42      61508.67      67815.75
2070     129532.06      61508.67      68023.39
2075     129692.54      61508.67      68183.87
2080     129811.68      61508.67      68303.01
2085     129887.67      61508.67      68379.00
2090     129921.40      61508.67      68412.73
2095     129935.01      61508.67      68426.34
2100     129940.36      61508.67      68431.69
   Measure:   >BASAL   <
   D-RType:   >    CMYR<
1890    2201937.25    2201937.25          0.00
1895    2202077.25    2202075.25          2.00
1900    2210097.25    2209957.25        140.00
1905    2243873.50    2243010.50        863.00
1910    2315482.75    2312310.00       3172.75
1915    2419311.25    2410406.00       8905.25
1920    2563555.75    2542339.50      21216.25
1925    2684498.25    2640748.50      43749.75
1930    2697215.50    2617966.75      79248.75
1935    2788465.00    2649271.75     139193.25
1940    3224103.25    2967522.00     256581.25
1945    4063663.00    3588275.25     475387.75
1950    5031867.00    4221998.00     809869.00
1955    5939732.00    4679182.50    1260549.50
1960    6841178.50    4999392.50    1841786.00
1965    7546738.50    5062773.00    2483965.50
1970    8105163.00    4980027.50    3125135.50
1975    8756571.00    4942332.50    3814238.50
1980    9516885.00    4949909.00    4566976.00
1985   10356993.00    4973850.50    5383142.50
1990   11242882.00    4998081.00    6244801.00
1995   12151493.00    5017730.00    7133763.00
2000   13057047.00    5029510.00    8027537.00
2005   13945939.00    5036475.50    8909464.00
2010   14800178.00    5040007.00    9760171.00
2015   15592772.00    5042129.50   10550642.00
2020   16279928.00    5043319.00   11236609.00
2025   16837510.00    5043971.50   11793538.00
2030   17291606.00    5044186.00   12247420.00
2035   17648526.00    5044281.50   12604244.00
2040   17922614.00    5044313.50   12878300.00
2045   18122484.00    5044332.00   13078152.00
2050   18278286.00    5044340.00   13233946.00
2055   18397380.00    5044340.50   13353040.00
2060   18481556.00    5044340.50   13437216.00
2065   18539836.00    5044340.50   13495496.00
2070   18581700.00    5044340.50   13537360.00
2075   18614000.00    5044340.50   13569660.00
2080   18638378.00    5044340.50   13594038.00
2085   18654652.00    5044340.50   13610312.00
2090   18662976.00    5044340.50   13618636.00
2095   18666948.00    5044340.50   13622608.00
2100   18668514.00    5044340.50   13624174.00
   Measure:   >SQUAMOUS<
   D-RType:   >    CMYR<
1890     576401.94     576401.94          0.00
1895     576457.56     576456.19          1.38
1900     579644.94     579546.13         98.81
1905     592645.94     592058.19        587.75
1910     619883.75     617775.06       2108.69
1915     659647.94     653842.19       5805.75
1920     714959.56     701355.63      13603.94
1925     766199.50     738508.81      27690.69
1930     786906.00     737231.13      49674.88
1935     839055.94     752513.13      86542.81
1940    1011729.13     854010.25     157718.88
1945    1330605.38    1042734.25     287871.13
1950    1715017.25    1231713.50     483303.75
1955    2114444.00    1369868.25     744575.75
1960    2559489.25    1476398.88    1083090.38
1965    2972013.00    1516441.50    1455571.50
1970    3324521.50    1507894.63    1816626.88
1975    3696119.00    1501669.38    2194449.50
1980    4098263.75    1501229.38    2597034.50
1985    4529612.50    1504236.38    3025376.00
1990    4980154.00    1508706.13    3471448.00
1995    5439127.50    1512579.00    3926548.50
2000    5895518.50    1514697.63    4380821.00
2005    6343101.50    1515783.25    4827318.00
2010    6773700.00    1516225.50    5257474.50
2015    7174857.00    1516479.25    5658378.00
2020    7526717.00    1516614.38    6010102.50
2025    7815845.50    1516686.00    6299159.50
2030    8052944.50    1516707.25    6536237.00
2035    8239571.00    1516717.00    6722854.00
2040    8383009.00    1516721.88    6866287.00
2045    8488023.00    1516724.50    6971298.50
2050    8570222.00    1516725.63    7053496.50
2055    8633639.00    1516725.75    7116913.00
2060    8679508.00    1516725.75    7162782.00
2065    8711861.00    1516725.75    7195135.00
2070    8735151.00    1516725.75    7218425.00
2075    8753098.00    1516725.75    7236372.00
2080    8766680.00    1516725.75    7249954.00
2085    8775784.00    1516725.75    7259058.00
2090    8780516.00    1516725.75    7263790.00
2095    8782799.00    1516725.75    7266073.00
2100    8783707.00    1516725.75    7266981.00
   Measure:   >NMSCMORT<
   D-RType:   >    CMYR<
1890      29815.94      29815.94          0.00
1895      17872.93      17872.92          0.01
1900      14298.96      14298.01          0.95
1905      13100.45      13095.20          5.25
1910      12178.36      12161.32         17.04
1915      12466.78      12423.13         43.65
1920      13017.12      12920.20         96.92
1925      13976.72      13784.77        191.95
1930      14282.67      13940.44        342.23
1935      14672.65      14082.66        589.99
1940      17044.25      15994.23       1050.01
1945      21347.28      19492.84       1854.44
1950      26274.37      23235.65       3038.71
1955      30999.15      26350.20       4648.96
1960      36151.99      29380.74       6771.25
1965      40211.18      31180.76       9030.43
1970      42367.48      31374.62      10992.87
1975      44361.64      31396.93      12964.71
1980      46503.53      31478.11      15025.42
1985      48763.66      31590.62      17173.04
1990      51071.48      31702.29      19369.18
1995      53378.66      31793.21      21585.46
2000      55633.26      31849.10      23784.16
2005      57813.52      31880.99      25932.53
2010      59887.57      31899.04      27988.54
2015      61790.29      31909.32      29880.97
2020      63416.72      31915.18      31501.54
2025      64709.98      31918.55      32791.43
2030      65756.12      31920.59      33835.52
2035      66584.27      31921.92      34662.35
2040      67232.16      31922.84      35309.32
2045      67718.02      31923.51      35794.52
2050      68093.88      31923.86      36170.02
2055      68377.06      31923.88      36453.19
2060      68576.69      31923.88      36652.81
2065      68713.10      31923.88      36789.23
2070      68809.38      31923.88      36885.50
2075      68883.56      31923.88      36959.69
2080      68938.74      31923.88      37014.87
2085      68974.25      31923.88      37050.38
2090      68990.39      31923.88      37066.52
2095      68997.08      31923.88      37073.20
2100      68999.73      31923.88      37075.85
   Measure:   >CATARACT<
   D-RType:   >    CMYR<
1890    2858406.75    2858406.75          0.00
1895    2858406.75    2858406.75          0.00
1900    2858980.50    2858978.25          2.25
1905    2891317.50    2891145.00        172.50
1910    3001027.25    2999916.25       1111.00
1915    3165536.00    3161697.50       3838.50
1920    3387005.50    3376861.25      10144.25
1925    3553332.25    3531166.75      22165.50
1930    3512275.00    3470266.00      42009.00
1935    3585337.00    3504425.00      80912.00
1940    4147905.75    3974725.50     173180.25
1945    5220376.00    4852648.50     367727.50
1950    6369965.50    5687300.00     682665.50
1955    7296349.00    6187225.00    1109124.00
1960    8156557.00    6501451.00    1655106.00
1965    8982986.00    6672154.50    2310831.50
1970    9821560.00    6783983.00    3037577.00
1975   10606877.00    6823039.00    3783838.00
1980   11390479.00    6829665.50    4560813.50
1985   12216022.00    6838037.50    5377984.50
1990   13076925.00    6851259.00    6225666.00
1995   13946790.00    6859076.50    7087713.50
2000   14811187.00    6859515.50    7951671.50
2005   15672893.00    6859515.50    8813378.00
2010   16520209.00    6859515.50    9660694.00
2015   17325698.00    6859515.50   10466182.00
2020   18031744.00    6859515.50   11172228.00
2025   18590074.00    6859515.50   11730558.00
2030   19041646.00    6859515.50   12182130.00
2035   19398738.00    6859515.50   12539222.00
2040   19679600.00    6859515.50   12820084.00
2045   19887730.00    6859515.50   13028214.00
2050   20050854.00    6859515.50   13191338.00
2055   20177950.00    6859515.50   13318434.00
2060   20270414.00    6859515.50   13410898.00
2065   20333164.00    6859515.50   13473648.00
2070   20377202.00    6859515.50   13517686.00
2075   20412388.00    6859515.50   13552872.00
2080   20439178.00    6859515.50   13579662.00
2085   20456022.00    6859515.50   13596506.00
2090   20462338.00    6859515.50   13602822.00
2095   20464230.00    6859515.50   13604714.00
2100   20464946.00    6859515.50   13605430.00
