 1985   12.49  485.14    5.33  289.10  337.90  122.30  167.60   87.30  588.00     .00    2.90    3.00  112.50     .00     .00     .00     .00     .00     .00     .00     .00     .00     .00   19.00    6.90       0       0
 1986   12.57  489.51    5.46  309.70  338.40  130.90  176.20   96.60  609.00     .00    3.40    3.30  113.57     .00     .00     .00     .00     .00     .00     .00     .00     .00     .00   21.00    8.10       0       0
 1987   12.65  493.89    5.60  338.70  365.70  138.70  202.30  102.70  627.00     .00    3.70    3.90  114.67     .00     .00     .00     .00     .00     .00     .00     .00     .00     .00   22.70    8.70       0       0
 1988   12.73  498.26    5.73  365.10  387.90  150.90  221.70  107.50  678.00     .00    4.20    4.60  115.82     .00     .00     .00     .00     .00     .00     .00     .00     .00     .00   22.90    9.40       0       0
 1989   12.82  502.63    5.87  393.80  419.80  163.50  230.00  113.20  711.00     .00    4.80    5.40  117.02     .00     .00     .00     .00     .00     .00     .00     .00     .00     .00   25.00   10.10       0       0
 1990   12.90  507.00    6.00  412.30  446.10  174.40  242.80  116.90  729.80     .00    5.20    6.40  118.26     .00     .00     .00     .00     .00     .00     .00     .00     .00     .00   25.90   10.80       0       0
 1991   12.98  511.37    6.13  431.20  470.50  182.30  256.30  120.80  750.60     .00    5.50    7.20  119.54     .00     .00     .00     .00     .00     .00     .00     .00     .00     .00   27.30   11.40       0       0
 1992   13.07  515.74    6.27  451.10  496.70  191.80  270.90  124.90  771.60     .00    5.90    8.20  120.88     .00     .00     .00     .00     .00     .00     .00     .00     .00     .00   28.50   11.90       0       0
 1993   13.15  520.11    6.40  470.20  520.10  193.20  281.80  128.40  794.70     .00    6.10    9.20  122.85     .00     .00     .00     .00     .00     .00     .00     .00     .00     .00   29.40   12.50       0       0
 1994   13.23  524.49    6.54  490.70  544.20  198.70  293.30  132.10  817.00     .00    6.40   10.30  124.93     .00     .00     .00     .00     .00     .00     .00     .00     .00     .00   30.30   13.00       0       0
 1995   13.31  528.86    6.67  511.60  568.40  203.90  305.50  136.00  840.20     .00    6.80   11.30  127.13     .00     .00     .00     .00     .00     .00     .00     .00     .00     .00   31.20   13.60       0       0
 1996   13.40  533.23    6.81  532.60  592.40  209.60  317.60  140.00  865.00     .00    7.10   12.40  129.46     .00     .00     .00     .00     .00     .00     .00     .00     .00     .00   32.10   15.00       0       0
 1997   13.48  537.60    6.94  554.10  617.20  215.10  330.60  144.30  891.80     .00    7.40   13.50  131.91     .00     .00     .00     .00     .00     .00     .00     .00     .00     .00   33.20   15.50       0       0
 1998   13.56  541.97    7.07  579.60  642.10  218.90  344.30  148.50  917.80     .00    7.70   14.60  134.49     .00     .00     .00     .00     .00     .00     .00     .00     .00     .00   34.30   16.00       0       0
 1999   13.65  546.34    7.21  603.90  683.00  227.80  358.10  153.10  946.70     .00    8.00   15.90  137.22     .00     .00     .00     .00     .00     .00     .00     .00     .00     .00   35.40   16.70       0       0
 2000   13.50  548.43    6.94  630.00  724.60  234.80  373.40  157.80  975.90     .00    8.30   16.80  140.11     .00     .00     .00     .00     .00     .00     .00     .00     .00     .00   36.50   17.10       0       0
 2001   13.56  552.57    7.04  659.90  764.90  241.10  384.70  162.90 1006.30     .00    8.70   18.20  141.22     .00     .00     .00     .00     .00     .00     .00     .00     .00     .00   37.70   17.50       0       0
 2002   13.62  556.71    7.13  689.50  796.40  249.40  396.40  167.80 1039.00     .00    9.00   19.40  142.36     .00     .00     .00     .00     .00     .00     .00     .00     .00     .00   39.00   18.30       0       0
 2003   13.68  560.86    7.23  719.50  829.30  257.40  408.60  173.20 1071.00     .00    9.40   21.30  143.52     .00     .00     .00     .00     .00     .00     .00     .00     .00     .00   40.40   19.00       0       0
 2004   13.74  565.00    7.32  747.60  862.50  269.50  421.40  178.50 1105.60     .00    9.80   23.20  144.70     .00     .00     .00     .00     .00     .00     .00     .00     .00     .00   41.80   19.70       0       0
 2005   13.80  569.14    7.41  780.40  899.80  279.20  434.60  184.60 1141.70     .00   10.30   24.70  145.91     .00     .00     .00     .00     .00     .00     .00     .00     .00     .00   43.30   20.40       0       0
 2006   13.86  573.29    7.51  814.80  937.50  287.90  448.50  190.70 1179.40     .00   11.00   27.00  147.14     .00     .00     .00     .00     .00     .00     .00     .00     .00     .00   44.80   21.00       0       0
 2007   13.92  577.43    7.60  852.00  977.10  297.10  463.00  197.10 1218.90     .00   11.30   29.30  148.39     .00     .00     .00     .00     .00     .00     .00     .00     .00     .00   46.50   21.70       0       0
 2008   13.98  581.57    7.70  889.40 1019.20  305.20  478.50  203.70 1260.40     .00   11.90   31.70  149.67     .00     .00     .00     .00     .00     .00     .00     .00     .00     .00   48.20   22.40       0       0
 2009   14.04  585.71    7.79  930.60 1063.30  309.20  493.80  210.80 1305.10     .00   12.60   33.20  150.98     .00     .00     .00     .00     .00     .00     .00     .00     .00     .00   50.00   23.10       0       0
 2010   14.10  589.86    7.89  973.60 1109.80  320.90  510.90  217.90 1349.40     .00   13.20   34.90  152.31     .00     .00     .00     .00     .00     .00     .00     .00     .00     .00   51.90   23.90       0       0
 2011   14.16  594.00    7.98 1000.60 1143.70  331.90  523.70  223.30 1383.10     .00   13.70   36.60  153.67     .00     .00     .00     .00     .00     .00     .00     .00     .00     .00   53.30   24.70       0       0
 2012   14.22  598.14    8.07 1030.50 1180.10  343.00  536.80  228.90 1417.70     .00   14.40   38.30  155.06     .00     .00     .00     .00     .00     .00     .00     .00     .00     .00   54.80   25.40       0       0
 2013   14.28  602.29    8.17 1060.60 1215.20  354.10  550.20  234.60 1453.20     .00   15.10   40.10  156.47     .00     .00     .00     .00     .00     .00     .00     .00     .00     .00   56.30   26.20       0       0
 2014   14.34  606.43    8.26 1092.60 1252.10  365.20  564.00  240.50 1489.50     .00   15.60   41.90  157.91     .00     .00     .00     .00     .00     .00     .00     .00     .00     .00   57.70   26.90       0       0
 2015   14.40  610.57    8.36 1124.30 1286.40  376.40  578.10  246.50 1526.70     .00   16.10   43.70  159.38     .00     .00     .00     .00     .00     .00     .00     .00     .00     .00   59.10   27.70       0       0
 2016   14.46  614.71    8.45 1156.80 1321.50  387.70  592.50  252.70 1564.90     .00   16.60   45.60  160.88     .00     .00     .00     .00     .00     .00     .00     .00     .00     .00   60.60   28.50       0       0
 2017   14.52  618.86    8.55 1189.20 1357.20  399.20  607.30  259.00 1604.00     .00   17.00   47.60  162.41     .00     .00     .00     .00     .00     .00     .00     .00     .00     .00   62.10   29.30       0       0
 2018   14.58  623.00    8.64 1222.30 1394.20  410.80  622.50  265.50 1644.10     .00   17.60   49.50  163.97     .00     .00     .00     .00     .00     .00     .00     .00     .00     .00   63.60   30.10       0       0
 2019   14.64  627.14    8.73 1255.10 1431.70  422.60  638.10  272.10 1685.20     .00   18.10   51.50  165.57     .00     .00     .00     .00     .00     .00     .00     .00     .00     .00   65.20   30.90       0       0
 2020   14.70  631.29    8.83 1288.60 1470.00  434.50  654.00  278.90 1727.40     .00   18.70   53.30  167.19     .00     .00     .00     .00     .00     .00     .00     .00     .00     .00   66.90   31.80       0       0
 2021   14.76  635.43    8.92 1322.80 1509.40  446.70  670.40  285.90 1770.50     .00   19.20   55.10  168.85     .00     .00     .00     .00     .00     .00     .00     .00     .00     .00   68.50   32.60       0       0
 2022   14.82  639.57    9.02 1357.60 1549.70  459.10  687.20  293.00 1814.80     .00   19.80   56.90  170.54     .00     .00     .00     .00     .00     .00     .00     .00     .00     .00   70.20   33.50       0       0
 2023   14.88  643.71    9.11 1393.30 1591.10  471.80  704.30  300.40 1860.20     .00   20.40   58.80  172.26     .00     .00     .00     .00     .00     .00     .00     .00     .00     .00   72.00   34.40       0       0
 2024   14.94  647.86    9.21 1429.70 1633.50  484.70  721.90  307.90 1906.70     .00   21.00   60.80  174.02     .00     .00     .00     .00     .00     .00     .00     .00     .00     .00   73.80   35.30       0       0
 2025   15.00  652.00    9.30 1466.90 1677.10  497.90  740.00  315.60 1954.40     .00   21.70   62.80  175.81     .00     .00     .00     .00     .00     .00     .00     .00     .00     .00   75.60   36.20       0       0
 2026   15.02  654.04    9.41 1505.20 1721.80  511.40  758.50  323.50 2003.20     .00   22.30   64.90  175.81     .00     .00     .00     .00     .00     .00     .00     .00     .00     .00   77.50   37.20       0       0
 2027   15.04  656.08    9.52 1544.10 1765.30  524.20  777.40  331.60 2053.30     .00   22.90   67.00  175.81     .00     .00     .00     .00     .00     .00     .00     .00     .00     .00   79.50   38.10       0       0
 2028   15.06  658.12    9.63 1583.90 1809.80  537.30  796.90  339.80 2104.60     .00   23.60   69.20  175.81     .00     .00     .00     .00     .00     .00     .00     .00     .00     .00   81.40   39.10       0       0
 2029   15.08  660.16    9.74 1624.80 1855.40  550.70  816.80  348.30 2157.20     .00   24.20   71.50  175.81     .00     .00     .00     .00     .00     .00     .00     .00     .00     .00   83.50   40.10       0       0
 2030   15.10  662.20    9.85 1666.60 1902.10  564.50  837.20  357.10 2211.20     .00   24.90   73.30  175.81     .00     .00     .00     .00     .00     .00     .00     .00     .00     .00   85.60   41.10       0       0
 2031   15.12  664.24    9.96 1709.60 1950.10  578.60  858.10  366.00 2266.50     .00   25.50   75.20  175.81     .00     .00     .00     .00     .00     .00     .00     .00     .00     .00   87.70   42.10       0       0
 2032   15.14  666.28   10.07 1753.60 1999.20  593.10  879.60  375.10 2323.10     .00   26.20   77.10  175.81     .00     .00     .00     .00     .00     .00     .00     .00     .00     .00   89.90   43.10       0       0
 2033   15.16  668.32   10.17 1798.60 2049.60  607.90  901.60  384.50 2381.20     .00   26.90   79.10  175.81     .00     .00     .00     .00     .00     .00     .00     .00     .00     .00   92.10   44.20       0       0
 2034   15.18  670.36   10.28 1844.80 2101.20  623.10  924.10  394.10 2440.70     .00   27.60   81.10  175.81     .00     .00     .00     .00     .00     .00     .00     .00     .00     .00   94.40   45.30       0       0
 2035   15.20  672.40   10.39 1892.10 2154.10  638.70  947.20  404.00 2501.70     .00   28.30   83.10  175.81     .00     .00     .00     .00     .00     .00     .00     .00     .00     .00   96.80   46.40       0       0
 2036   15.22  674.44   10.50 1940.80 2208.40  654.70  970.90  414.10 2564.30     .00   29.00   85.30  175.81     .00     .00     .00     .00     .00     .00     .00     .00     .00     .00   99.20   47.60       0       0
 2037   15.24  676.48   10.61 1990.40 2264.00  671.00  995.20  424.40 2628.40     .00   29.80   87.40  175.81     .00     .00     .00     .00     .00     .00     .00     .00     .00     .00  101.70   48.80       0       0
 2038   15.26  678.52   10.72 2041.60 2321.00  687.80 1020.10  435.00 2694.10     .00   30.50   89.60  175.81     .00     .00     .00     .00     .00     .00     .00     .00     .00     .00  104.20   50.00       0       0
 2039   15.28  680.56   10.83 2094.00 2379.40  705.00 1045.60  445.90 2761.50     .00   31.30   91.90  175.81     .00     .00     .00     .00     .00     .00     .00     .00     .00     .00  106.80   51.30       0       0
 2040   15.30  682.60   10.94 2146.40 2438.90  722.60 1071.70  457.10 2830.50     .00   32.20   94.20  175.81     .00     .00     .00     .00     .00     .00     .00     .00     .00     .00  109.50   52.50       0       0
 2041   15.32  684.64   11.05 2200.00 2499.90  740.70 1098.50  468.50 2901.30     .00   33.00   96.60  175.81     .00     .00     .00     .00     .00     .00     .00     .00     .00     .00  112.20   53.90       0       0
 2042   15.34  686.68   11.16 2255.00 2562.40  759.20 1125.90  480.20 2973.80     .00   33.90   99.00  175.81     .00     .00     .00     .00     .00     .00     .00     .00     .00     .00  115.00   55.20       0       0
 2043   15.36  688.72   11.27 2311.40 2626.40  778.20 1154.10  492.20 3048.10     .00   34.80  101.50  175.81     .00     .00     .00     .00     .00     .00     .00     .00     .00     .00  117.90   56.60       0       0
 2044   15.38  690.76   11.38 2369.20 2692.10  797.60 1182.90  504.50 3124.40     .00   35.70  104.00  175.81     .00     .00     .00     .00     .00     .00     .00     .00     .00     .00  120.90   58.00       0       0
 2045   15.40  692.80   11.49 2428.40 2759.40  817.60 1212.50  517.10 3202.50     .00   36.60  106.60  175.81     .00     .00     .00     .00     .00     .00     .00     .00     .00     .00  123.90   59.40       0       0
 2046   15.42  694.84   11.60 2489.10 2828.40  838.00 1242.80  530.10 3282.50     .00   37.60  109.30  175.81     .00     .00     .00     .00     .00     .00     .00     .00     .00     .00  127.00   60.90       0       0
 2047   15.44  696.88   11.71 2551.30 2899.10  859.00 1273.90  543.30 3364.60     .00   38.60  112.00  175.81     .00     .00     .00     .00     .00     .00     .00     .00     .00     .00  130.10   62.40       0       0
 2048   15.46  698.92   11.81 2615.10 2971.50  880.40 1305.70  556.90 3448.70     .00   39.50  114.80  175.81     .00     .00     .00     .00     .00     .00     .00     .00     .00     .00  133.40   64.00       0       0
 2049   15.48  700.96   11.92 2680.50 3045.80  902.50 1338.40  570.80 3534.90     .00   40.50  117.70  175.81     .00     .00     .00     .00     .00     .00     .00     .00     .00     .00  136.70   65.60       0       0
 2050   15.50  703.00   12.03 2747.50 3122.00  923.90 1371.80  585.10 3623.30     .00   41.60  120.60  175.81     .00     .00     .00     .00     .00     .00     .00     .00     .00     .00  140.10   67.20       0       0
 2051   15.52  705.04   12.14 2766.90 3154.30  941.50 1371.80  585.10 3623.30     .00   42.40  123.50  175.81     .00     .00     .00     .00     .00     .00     .00     .00     .00     .00  140.70   68.50       0       0
 2052   15.54  707.08   12.25 2785.50 3184.40  957.30 1371.80  585.10 3623.30     .00   43.10  126.30  175.81     .00     .00     .00     .00     .00     .00     .00     .00     .00     .00  141.30   69.70       0       0
 2053   15.56  709.12   12.36 2803.00 3212.50  971.70 1371.80  585.10 3623.30     .00   43.90  129.00  175.81     .00     .00     .00     .00     .00     .00     .00     .00     .00     .00  141.80   70.80       0       0
 2054   15.58  711.16   12.47 2819.50 3228.30  984.60 1371.80  585.10 3623.30     .00   44.60  131.60  175.81     .00     .00     .00     .00     .00     .00     .00     .00     .00     .00  141.80   71.70       0       0
 2055   15.60  713.20   12.58 2835.30 3243.20  996.40 1371.80  585.10 3623.30     .00   45.30  134.10  175.81     .00     .00     .00     .00     .00     .00     .00     .00     .00     .10  141.80   72.60       0       0
 2056   15.62  715.24   12.69 2850.40 3257.50 1007.00 1371.80  585.10 3623.30     .00   46.00  136.60  175.81     .00     .00     .00     .00     .00     .00     .00     .00     .00     .10  141.80   73.40       0       0
 2057   15.64  717.28   12.80 2864.80 3271.10 1016.70 1371.80  585.10 3623.30     .00   46.60  139.00  175.81     .00     .00     .00     .00     .00     .00     .00     .00     .00     .10  141.80   74.10       0       0
 2058   15.66  719.32   12.91 2878.50 3284.10 1025.50 1371.80  585.10 3623.30     .00   47.20  141.30  175.81     .00     .00     .00     .00     .00     .00     .00     .00     .00     .10  141.80   74.80       0       0
 2059   15.68  721.36   13.02 2891.50 3296.60 1033.50 1371.80  585.10 3623.30     .00   47.80  143.50  175.81     .00     .00     .00     .00     .00     .00     .00     .00     .00     .10  141.80   75.40       0       0
 2060   15.70  723.40   13.13 2903.90 3308.50 1040.70 1371.80  585.10 3623.30     .00   48.40  145.70  175.81     .00     .00     .00     .00     .00     .00     .00     .00     .00     .10  141.80   75.90       0       0
 2061   15.72  725.44   13.24 2915.90 3320.10 1047.30 1371.80  585.10 3623.30     .00   49.00  147.90  175.81     .00     .00     .00     .00     .00     .00     .00     .00     .00     .10  141.80   76.40       0       0
 2062   15.74  727.48   13.35 2927.20 3331.30 1053.40 1371.80  585.10 3623.30     .00   49.50  150.00  175.81     .00     .00     .00     .00     .00     .00     .00     .00     .00     .10  141.80   76.90       0       0
 2063   15.76  729.52   13.45 2938.10 3342.10 1058.90 1371.80  585.10 3623.30     .00   50.10  152.00  175.81     .00     .00     .00     .00     .00     .00     .00     .00     .00     .10  141.80   77.30       0       0
 2064   15.78  731.56   13.56 2948.60 3352.70 1064.00 1371.80  585.10 3623.30     .00   50.60  154.00  175.81     .00     .00     .00     .00     .00     .00     .00     .00     .00     .10  141.80   77.60       0       0
 2065   15.80  733.60   13.67 2958.80 3363.00 1068.70 1371.80  585.10 3623.30     .00   51.10  156.00  175.81     .00     .00     .00     .00     .00     .00     .00     .00     .00     .10  141.80   78.00       0       0
 2066   15.82  735.64   13.78 2968.50 3373.10 1072.10 1371.80  585.10 3623.30     .00   51.50  157.90  175.81     .00     .00     .00     .00     .00     .00     .00     .00     .00     .10  141.80   78.30       0       0
 2067   15.84  737.68   13.89 2976.90 3374.90 1072.10 1371.80  585.10 3623.30     .00   52.00  159.70  175.81     .00     .00     .00     .00     .00     .00     .00     .00     .00     .10  141.80   78.30       0       0
 2068   15.86  739.72   14.00 2985.10 3376.60 1072.10 1371.80  585.10 3623.30     .00   52.50  161.60  175.81     .00     .00     .00     .00     .00     .00     .00     .00     .00     .10  141.80   78.30       0       0
 2069   15.88  741.76   14.11 2992.90 3378.30 1072.10 1371.80  585.10 3623.30     .00   52.90  163.40  175.81     .00     .00     .00     .00     .00     .00     .00     .00     .00     .10  141.80   78.30       0       0
 2070   15.90  743.80   14.22 3000.40 3379.90 1072.10 1371.80  585.10 3623.30     .00   53.30  163.60  175.81     .00     .00     .00     .00     .00     .00     .00     .00     .00     .10  141.80   78.30       0       0
 2071   15.92  745.84   14.33 3007.80 3381.50 1072.10 1371.80  585.10 3623.30     .00   53.70  163.80  175.81     .00     .00     .00     .00     .00     .00     .00     .00     .00     .10  141.80   78.30       0       0
 2072   15.94  747.88   14.44 3014.90 3383.10 1072.10 1371.80  585.10 3623.30     .00   54.10  164.00  175.81     .00     .00     .00     .00     .00     .00     .00     .00     .00     .10  141.80   78.30       0       0
 2073   15.96  749.92   14.55 3021.70 3384.50 1072.10 1371.80  585.10 3623.30     .00   54.50  164.20  175.81     .00     .00     .00     .00     .00     .00     .00     .00     .00     .10  141.80   78.30       0       0
 2074   15.98  751.96   14.66 3028.40 3385.90 1072.10 1371.80  585.10 3623.30     .00   54.90  164.30  175.81     .00     .00     .00     .00     .00     .00     .00     .00     .00     .10  141.80   78.30       0       0
 2075   16.00  754.00   14.77 3034.70 3387.30 1072.10 1371.80  585.10 3623.30     .00   55.10  164.50  175.81     .00     .00     .00     .00     .00     .00     .00     .00     .00     .10  141.80   78.30       0       0
 2076   16.02  756.04   14.88 3041.00 3388.70 1072.10 1371.80  585.10 3623.30     .00   55.30  164.70  175.81     .00     .00     .00     .00     .00     .00     .00     .00     .00     .10  141.80   78.30       0       0
 2077   16.04  758.08   14.99 3046.90 3389.90 1072.10 1371.80  585.10 3623.30     .00   55.50  164.90  175.81     .00     .00     .00     .00     .00     .00     .00     .00     .00     .10  141.80   78.30       0       0
 2078   16.06  760.12   15.09 3052.70 3391.20 1072.10 1371.80  585.10 3623.30     .00   55.70  165.00  175.81     .00     .00     .00     .00     .00     .00     .00     .00     .00     .10  141.80   78.30       0       0
 2079   16.08  762.16   15.20 3058.40 3392.40 1072.10 1371.80  585.10 3623.30     .00   55.80  165.20  175.81     .00     .00     .00     .00     .00     .00     .00     .00     .00     .10  141.80   78.30       0       0
 2080   16.10  764.20   15.31 3058.40 3392.40 1072.10 1371.80  585.10 3623.30     .00   56.00  165.20  175.81     .00     .00     .00     .00     .00     .00     .00     .00     .00     .10  141.80   78.30       0       0
 2081   16.12  766.24   15.42 3058.40 3392.40 1072.10 1371.80  585.10 3623.30     .00   56.20  165.20  175.81     .00     .00     .00     .00     .00     .00     .00     .00     .00     .10  141.80   78.30       0       0
 2082   16.14  768.28   15.53 3058.40 3392.40 1072.10 1371.80  585.10 3623.30     .00   56.30  165.20  175.81     .00     .00     .00     .00     .00     .00     .00     .00     .00     .10  141.80   78.30       0       0
 2083   16.16  770.32   15.64 3058.40 3392.40 1072.10 1371.80  585.10 3623.30     .00   56.50  165.20  175.81     .00     .00     .00     .00     .00     .00     .00     .00     .00     .10  141.80   78.30       0       0
 2084   16.18  772.36   15.75 3058.40 3392.40 1072.10 1371.80  585.10 3623.30     .00   56.60  165.20  175.81     .00     .00     .00     .00     .00     .00     .00     .00     .00     .10  141.80   78.30       0       0
 2085   16.20  774.40   15.86 3058.40 3392.40 1072.10 1371.80  585.10 3623.30     .00   56.80  165.20  175.81     .00     .00     .00     .00     .00     .00     .00     .00     .00     .10  141.80   78.30       0       0
 2086   16.22  776.44   15.97 3058.40 3392.40 1072.10 1371.80  585.10 3623.30     .00   56.90  165.20  175.81     .00     .00     .00     .00     .00     .00     .00     .00     .00     .10  141.80   78.30       0       0
 2087   16.24  778.48   16.08 3058.40 3392.40 1072.10 1371.80  585.10 3623.30     .00   56.90  165.20  175.81     .00     .00     .00     .00     .00     .00     .00     .00     .00     .10  141.80   78.30       0       0
 2088   16.26  780.52   16.19 3058.40 3392.40 1072.10 1371.80  585.10 3623.30     .00   57.00  165.20  175.81     .00     .00     .00     .00     .00     .00     .00     .00     .00     .10  141.80   78.30       0       0
 2089   16.28  782.56   16.30 3058.40 3392.40 1072.10 1371.80  585.10 3623.30     .00   57.00  165.20  175.81     .00     .00     .00     .00     .00     .00     .00     .00     .00     .10  141.80   78.30       0       0
 2090   16.30  784.60   16.41 3058.40 3392.40 1072.10 1371.80  585.10 3623.30     .00   57.00  165.20  175.81     .00     .00     .00     .00     .00     .00     .00     .00     .00     .10  141.80   78.30       0       0
 2091   16.32  786.64   16.52 3058.40 3392.40 1072.10 1371.80  585.10 3623.30     .00   57.00  165.20  175.81     .00     .00     .00     .00     .00     .00     .00     .00     .00     .10  141.80   78.30       0       0
 2092   16.34  788.68   16.63 3058.40 3392.40 1072.10 1371.80  585.10 3623.30     .00   57.00  165.20  175.81     .00     .00     .00     .00     .00     .00     .00     .00     .00     .10  141.80   78.30       0       0
 2093   16.36  790.72   16.73 3058.40 3392.40 1072.10 1371.80  585.10 3623.30     .00   57.00  165.20  175.81     .00     .00     .00     .00     .00     .00     .00     .00     .00     .10  141.80   78.30       0       0
 2094   16.38  792.76   16.84 3058.40 3392.40 1072.10 1371.80  585.10 3623.30     .00   57.00  165.20  175.81     .00     .00     .00     .00     .00     .00     .00     .00     .00     .10  141.80   78.30       0       0
 2095   16.40  794.80   16.95 3058.40 3392.40 1072.10 1371.80  585.10 3623.30     .00   57.00  165.20  175.81     .00     .00     .00     .00     .00     .00     .00     .00     .00     .10  141.80   78.30       0       0
 2096   16.42  796.84   17.06 3058.40 3392.40 1072.10 1371.80  585.10 3623.30     .00   57.00  165.20  175.81     .00     .00     .00     .00     .00     .00     .00     .00     .00     .10  141.80   78.30       0       0
 2097   16.44  798.88   17.17 3058.40 3392.40 1072.10 1371.80  585.10 3623.30     .00   57.00  165.20  175.81     .00     .00     .00     .00     .00     .00     .00     .00     .00     .10  141.80   78.30       0       0
 2098   16.46  800.92   17.28 3058.40 3392.40 1072.10 1371.80  585.10 3623.30     .00   57.00  165.20  175.81     .00     .00     .00     .00     .00     .00     .00     .00     .00     .10  141.80   78.30       0       0
 2099   16.48  802.96   17.39 3058.40 3392.40 1072.10 1371.80  585.10 3623.30     .00   57.00  165.20  175.81     .00     .00     .00     .00     .00     .00     .00     .00     .00     .10  141.80   78.30       0       0
 2100   16.50  805.00   17.50 3058.40 3392.40 1072.10 1371.80  585.10 3623.30     .00   57.00  165.20  175.81     .00     .00     .00     .00     .00     .00     .00     .00     .00     .10  141.80   78.30       0       0
 2101   16.50  805.00   17.50     .00     .00     .00     .00     .00     .00     .00     .00     .00     .00     .00     .00     .00     .00     .00     .00     .00     .00     .00     .00     .00     .00       0       0
 2102   16.50  805.00   17.50     .00     .00     .00     .00     .00     .00     .00     .00     .00     .00     .00     .00     .00     .00     .00     .00     .00     .00     .00     .00     .00     .00       0       0
 2103   16.50  805.00   17.50     .00     .00     .00     .00     .00     .00     .00     .00     .00     .00     .00     .00     .00     .00     .00     .00     .00     .00     .00     .00     .00     .00       0       0
 2104   16.50  805.00   17.50     .00     .00     .00     .00     .00     .00     .00     .00     .00     .00     .00     .00     .00     .00     .00     .00     .00     .00     .00     .00     .00     .00       0       0
 2105   16.50  805.00   17.50     .00     .00     .00     .00     .00     .00     .00     .00     .00     .00     .00     .00     .00     .00     .00     .00     .00     .00     .00     .00     .00     .00       0       0
 2106   16.50  805.00   17.50     .00     .00     .00     .00     .00     .00     .00     .00     .00     .00     .00     .00     .00     .00     .00     .00     .00     .00     .00     .00     .00     .00       0       0
 2107   16.50  805.00   17.50     .00     .00     .00     .00     .00     .00     .00     .00     .00     .00     .00     .00     .00     .00     .00     .00     .00     .00     .00     .00     .00     .00       0       0
 2108   16.50  805.00   17.50     .00     .00     .00     .00     .00     .00     .00     .00     .00     .00     .00     .00     .00     .00     .00     .00     .00     .00     .00     .00     .00     .00       0       0
 2109   16.50  805.00   17.50     .00     .00     .00     .00     .00     .00     .00     .00     .00     .00     .00     .00     .00     .00     .00     .00     .00     .00     .00     .00     .00     .00       0       0
 2110   16.50  805.00   17.50     .00     .00     .00     .00     .00     .00     .00     .00     .00     .00     .00     .00     .00     .00     .00     .00     .00     .00     .00     .00     .00     .00       0       0
 2111   16.50  805.00   17.50     .00     .00     .00     .00     .00     .00     .00     .00     .00     .00     .00     .00     .00     .00     .00     .00     .00     .00     .00     .00     .00     .00       0       0
 2112   16.50  805.00   17.50     .00     .00     .00     .00     .00     .00     .00     .00     .00     .00     .00     .00     .00     .00     .00     .00     .00     .00     .00     .00     .00     .00       0       0
 2113   16.50  805.00   17.50     .00     .00     .00     .00     .00     .00     .00     .00     .00     .00     .00     .00     .00     .00     .00     .00     .00     .00     .00     .00     .00     .00       0       0
 2114   16.50  805.00   17.50     .00     .00     .00     .00     .00     .00     .00     .00     .00     .00     .00     .00     .00     .00     .00     .00     .00     .00     .00     .00     .00     .00       0       0
 2115   16.50  805.00   17.50     .00     .00     .00     .00     .00     .00     .00     .00     .00     .00     .00     .00     .00     .00     .00     .00     .00     .00     .00     .00     .00     .00       0       0
 2116   16.50  805.00   17.50     .00     .00     .00     .00     .00     .00     .00     .00     .00     .00     .00     .00     .00     .00     .00     .00     .00     .00     .00     .00     .00     .00       0       0
 2117   16.50  805.00   17.50     .00     .00     .00     .00     .00     .00     .00     .00     .00     .00     .00     .00     .00     .00     .00     .00     .00     .00     .00     .00     .00     .00       0       0
 2118   16.50  805.00   17.50     .00     .00     .00     .00     .00     .00     .00     .00     .00     .00     .00     .00     .00     .00     .00     .00     .00     .00     .00     .00     .00     .00       0       0
 2119   16.50  805.00   17.50     .00     .00     .00     .00     .00     .00     .00     .00     .00     .00     .00     .00     .00     .00     .00     .00     .00     .00     .00     .00     .00     .00       0       0
 2120   16.50  805.00   17.50     .00     .00     .00     .00     .00     .00     .00     .00     .00     .00     .00     .00     .00     .00     .00     .00     .00     .00     .00     .00     .00     .00       0       0
 2121   16.50  805.00   17.50     .00     .00     .00     .00     .00     .00     .00     .00     .00     .00     .00     .00     .00     .00     .00     .00     .00     .00     .00     .00     .00     .00       0       0
 2122   16.50  805.00   17.50     .00     .00     .00     .00     .00     .00     .00     .00     .00     .00     .00     .00     .00     .00     .00     .00     .00     .00     .00     .00     .00     .00       0       0
 2123   16.50  805.00   17.50     .00     .00     .00     .00     .00     .00     .00     .00     .00     .00     .00     .00     .00     .00     .00     .00     .00     .00     .00     .00     .00     .00       0       0
 2124   16.50  805.00   17.50     .00     .00     .00     .00     .00     .00     .00     .00     .00     .00     .00     .00     .00     .00     .00     .00     .00     .00     .00     .00     .00     .00       0       0
 2125   16.50  805.00   17.50     .00     .00     .00     .00     .00     .00     .00     .00     .00     .00     .00     .00     .00     .00     .00     .00     .00     .00     .00     .00     .00     .00       0       0
 2126   16.50  805.00   17.50     .00     .00     .00     .00     .00     .00     .00     .00     .00     .00     .00     .00     .00     .00     .00     .00     .00     .00     .00     .00     .00     .00       0       0
 2127   16.50  805.00   17.50     .00     .00     .00     .00     .00     .00     .00     .00     .00     .00     .00     .00     .00     .00     .00     .00     .00     .00     .00     .00     .00     .00       0       0
 2128   16.50  805.00   17.50     .00     .00     .00     .00     .00     .00     .00     .00     .00     .00     .00     .00     .00     .00     .00     .00     .00     .00     .00     .00     .00     .00       0       0
 2129   16.50  805.00   17.50     .00     .00     .00     .00     .00     .00     .00     .00     .00     .00     .00     .00     .00     .00     .00     .00     .00     .00     .00     .00     .00     .00       0       0
 2130   16.50  805.00   17.50     .00     .00     .00     .00     .00     .00     .00     .00     .00     .00     .00     .00     .00     .00     .00     .00     .00     .00     .00     .00     .00     .00       0       0
 2131   16.50  805.00   17.50     .00     .00     .00     .00     .00     .00     .00     .00     .00     .00     .00     .00     .00     .00     .00     .00     .00     .00     .00     .00     .00     .00       0       0
 2132   16.50  805.00   17.50     .00     .00     .00     .00     .00     .00     .00     .00     .00     .00     .00     .00     .00     .00     .00     .00     .00     .00     .00     .00     .00     .00       0       0
 2133   16.50  805.00   17.50     .00     .00     .00     .00     .00     .00     .00     .00     .00     .00     .00     .00     .00     .00     .00     .00     .00     .00     .00     .00     .00     .00       0       0
 2134   16.50  805.00   17.50     .00     .00     .00     .00     .00     .00     .00     .00     .00     .00     .00     .00     .00     .00     .00     .00     .00     .00     .00     .00     .00     .00       0       0
 2135   16.50  805.00   17.50     .00     .00     .00     .00     .00     .00     .00     .00     .00     .00     .00     .00     .00     .00     .00     .00     .00     .00     .00     .00     .00     .00       0       0
 2136   16.50  805.00   17.50     .00     .00     .00     .00     .00     .00     .00     .00     .00     .00     .00     .00     .00     .00     .00     .00     .00     .00     .00     .00     .00     .00       0       0
 2137   16.50  805.00   17.50     .00     .00     .00     .00     .00     .00     .00     .00     .00     .00     .00     .00     .00     .00     .00     .00     .00     .00     .00     .00     .00     .00       0       0
 2138   16.50  805.00   17.50     .00     .00     .00     .00     .00     .00     .00     .00     .00     .00     .00     .00     .00     .00     .00     .00     .00     .00     .00     .00     .00     .00       0       0
 2139   16.50  805.00   17.50     .00     .00     .00     .00     .00     .00     .00     .00     .00     .00     .00     .00     .00     .00     .00     .00     .00     .00     .00     .00     .00     .00       0       0
 2140   16.50  805.00   17.50     .00     .00     .00     .00     .00     .00     .00     .00     .00     .00     .00     .00     .00     .00     .00     .00     .00     .00     .00     .00     .00     .00       0       0
 2141   16.50  805.00   17.50     .00     .00     .00     .00     .00     .00     .00     .00     .00     .00     .00     .00     .00     .00     .00     .00     .00     .00     .00     .00     .00     .00       0       0
 2142   16.50  805.00   17.50     .00     .00     .00     .00     .00     .00     .00     .00     .00     .00     .00     .00     .00     .00     .00     .00     .00     .00     .00     .00     .00     .00       0       0
 2143   16.50  805.00   17.50     .00     .00     .00     .00     .00     .00     .00     .00     .00     .00     .00     .00     .00     .00     .00     .00     .00     .00     .00     .00     .00     .00       0       0
 2144   16.50  805.00   17.50     .00     .00     .00     .00     .00     .00     .00     .00     .00     .00     .00     .00     .00     .00     .00     .00     .00     .00     .00     .00     .00     .00       0       0
 2145   16.50  805.00   17.50     .00     .00     .00     .00     .00     .00     .00     .00     .00     .00     .00     .00     .00     .00     .00     .00     .00     .00     .00     .00     .00     .00       0       0
 2146   16.50  805.00   17.50     .00     .00     .00     .00     .00     .00     .00     .00     .00     .00     .00     .00     .00     .00     .00     .00     .00     .00     .00     .00     .00     .00       0       0
 2147   16.50  805.00   17.50     .00     .00     .00     .00     .00     .00     .00     .00     .00     .00     .00     .00     .00     .00     .00     .00     .00     .00     .00     .00     .00     .00       0       0
 2148   16.50  805.00   17.50     .00     .00     .00     .00     .00     .00     .00     .00     .00     .00     .00     .00     .00     .00     .00     .00     .00     .00     .00     .00     .00     .00       0       0
 2149   16.50  805.00   17.50     .00     .00     .00     .00     .00     .00     .00     .00     .00     .00     .00     .00     .00     .00     .00     .00     .00     .00     .00     .00     .00     .00       0       0
 2150   16.50  805.00   17.50     .00     .00     .00     .00     .00     .00     .00     .00     .00     .00     .00     .00     .00     .00     .00     .00     .00     .00     .00     .00     .00     .00       0       0
 2151   16.50  805.00   17.50     .00     .00     .00     .00     .00     .00     .00     .00     .00     .00     .00     .00     .00     .00     .00     .00     .00     .00     .00     .00     .00     .00       0       0
 2152   16.50  805.00   17.50     .00     .00     .00     .00     .00     .00     .00     .00     .00     .00     .00     .00     .00     .00     .00     .00     .00     .00     .00     .00     .00     .00       0       0
 2153   16.50  805.00   17.50     .00     .00     .00     .00     .00     .00     .00     .00     .00     .00     .00     .00     .00     .00     .00     .00     .00     .00     .00     .00     .00     .00       0       0
 2154   16.50  805.00   17.50     .00     .00     .00     .00     .00     .00     .00     .00     .00     .00     .00     .00     .00     .00     .00     .00     .00     .00     .00     .00     .00     .00       0       0
 2155   16.50  805.00   17.50     .00     .00     .00     .00     .00     .00     .00     .00     .00     .00     .00     .00     .00     .00     .00     .00     .00     .00     .00     .00     .00     .00       0       0
 2156   16.50  805.00   17.50     .00     .00     .00     .00     .00     .00     .00     .00     .00     .00     .00     .00     .00     .00     .00     .00     .00     .00     .00     .00     .00     .00       0       0
 2157   16.50  805.00   17.50     .00     .00     .00     .00     .00     .00     .00     .00     .00     .00     .00     .00     .00     .00     .00     .00     .00     .00     .00     .00     .00     .00       0       0
 2158   16.50  805.00   17.50     .00     .00     .00     .00     .00     .00     .00     .00     .00     .00     .00     .00     .00     .00     .00     .00     .00     .00     .00     .00     .00     .00       0       0
 2159   16.50  805.00   17.50     .00     .00     .00     .00     .00     .00     .00     .00     .00     .00     .00     .00     .00     .00     .00     .00     .00     .00     .00     .00     .00     .00       0       0
 2160   16.50  805.00   17.50     .00     .00     .00     .00     .00     .00     .00     .00     .00     .00     .00     .00     .00     .00     .00     .00     .00     .00     .00     .00     .00     .00       0       0
 2161   16.50  805.00   17.50     .00     .00     .00     .00     .00     .00     .00     .00     .00     .00     .00     .00     .00     .00     .00     .00     .00     .00     .00     .00     .00     .00       0       0
 2162   16.50  805.00   17.50     .00     .00     .00     .00     .00     .00     .00     .00     .00     .00     .00     .00     .00     .00     .00     .00     .00     .00     .00     .00     .00     .00       0       0
 2163   16.50  805.00   17.50     .00     .00     .00     .00     .00     .00     .00     .00     .00     .00     .00     .00     .00     .00     .00     .00     .00     .00     .00     .00     .00     .00       0       0
 2164   16.50  805.00   17.50     .00     .00     .00     .00     .00     .00     .00     .00     .00     .00     .00     .00     .00     .00     .00     .00     .00     .00     .00     .00     .00     .00       0       0
 2165   16.50  805.00   17.50     .00     .00     .00     .00     .00     .00     .00     .00     .00     .00     .00     .00     .00     .00     .00     .00     .00     .00     .00     .00     .00     .00       0       0
