13241 34.859615
13313 34.788330
13213 34.799355
13047 34.902176
13083 34.841602
13295 34.787354
13281 34.890034
13291 34.842793
13111 34.906185
13123 34.697926
13137 34.602058
13311 34.646755
13187 34.549316
13257 34.562054
13129 34.505405
13085 34.421070
13115 34.260731
13055 34.480659
13227 34.464355
13119 34.359009
13139 34.304844
13147 34.350853
13011 34.371639
13015 34.245171
13057 34.233723
13117 34.238590
13157 34.158264
13105 34.130493
13195 34.125660
13121 33.682549
13135 33.956978
13013 33.984840
13067 33.924904
13233 34.006016
13223 33.933678
13059 33.973564
13221 33.866142
13317 33.796127
13181 33.762383
13219 33.842445
13089 33.756081
13297 33.770676
13143 33.786404
13045 33.565426
13211 33.620731
13097 33.708454
13247 33.635788
13133 33.553391
13217 33.540859
13265 33.559673
13073 33.545898
13189 33.497784
13063 33.537552
13151 33.444210
13301 33.435547
13113 33.414299
13245 33.371597
13159 33.320423
13077 33.366371
13237 33.319424
13141 33.274033
13035 33.310146
13149 33.308502
13255 33.270569
13125 33.223408
13163 33.015640
13033 33.085102
13303 33.018932
13199 33.025650
13285 33.026806
13171 33.080235
13207 33.023846
13231 33.093826
13009 33.071907
13169 33.017601
13251 32.761375
13319 32.784382
13293 32.874317
13021 32.795616
13165 32.769096
13289 32.684193
13263 32.715912
13145 32.734020
13079 32.699478
13107 32.561852
13167 32.705315
13269 32.559196
13175 32.438061
13225 32.542366
13153 32.481796
13031 32.372433
13215 32.495323
13103 32.353294
13023 32.414139
13197 32.338436
13043 32.415768
13053 32.319336
13193 32.343033
13283 32.410942
13091 32.176567
13249 32.264702
13235 32.241390
13209 32.139408
13279 32.109867
13267 31.981970
13309 32.147072
13093 32.158276
13109 32.155216
13029 32.088436
13259 32.075493
13307 32.038048
13261 32.033684
13271 31.957235
13315 31.985456
13179 31.832790
13081 31.915976
13183 31.724504
13239 31.873117
13161 31.792898
13001 31.763639
13273 31.783331
13243 31.770361
13177 31.767893
13051 32.040390
13321 31.574919
13287 31.701410
13017 31.750168
13305 31.531441
13069 31.590855
13061 31.639956
13155 31.567247
13005 31.533689
13191 31.481661
13095 31.531946
13037 31.530867
13277 31.450495
13229 31.358713
13099 31.380354
13019 31.251814
13299 30.986046
13127 31.223495
13007 31.334942
13205 31.209244
13003 31.293484
13025 31.170164
13075 31.159519
13071 31.184254
13201 31.160765
13173 31.046562
13065 30.957556
13039 30.939558
13087 30.892607
13253 30.898340
13131 30.883043
13275 30.855335
13027 30.847277
13049 30.559313
13185 30.829256
13101 30.722906
21015 38.983238
21037 38.928860
21117 38.941612
21191 38.692677
21077 38.749920
21023 38.681652
21081 38.649002
21041 38.650547
21161 38.591965
21089 38.575996
21223 38.606964
21187 38.529469
21135 38.483925
21201 38.525898
21103 38.470551
21097 38.429485
21185 38.405182
21069 38.388805
21043 38.335228
21019 38.376480
21209 38.311062
21181 38.328503
21205 38.222931
21111 38.190311
21073 38.229794
21017 38.223206
21211 38.221745
21011 38.139072
21127 38.082207
21063 38.120533
21067 38.057446
21163 37.954807
21173 38.033047
21239 38.020039
21215 38.036011
21005 38.016796
21175 37.925949
21029 37.950920
21049 37.980190
21165 37.920738
21027 37.785824
21093 37.724659
21115 37.848335
21113 37.853840
21091 37.854961
21179 37.823532
21101 37.746300
21167 37.824821
21159 37.806168
21197 37.834892
21059 37.678741
21151 37.715366
21229 37.763821
21225 37.629150
21153 37.755405
21237 37.740089
21065 37.666542
21079 37.651089
21071 37.356922
21195 37.504158
21183 37.452183
21123 37.574341
21155 37.526089
21129 37.616917
21021 37.626431
21025 37.541245
21149 37.509239
21233 37.536938
21137 37.464287
21085 37.454884
21109 37.417206
21107 37.293663
21045 37.324577
21055 37.355221
21189 37.424316
21203 37.360229
21119 37.341434
21217 37.330738
21087 37.250622
21099 37.293392
21193 37.304207
21139 37.236870
21177 37.234756
21031 37.204189
21033 37.148907
21199 37.109821
21051 37.182613
21061 37.210464
21125 37.146145
21131 37.119362
21001 37.086018
21133 37.114594
21007 37.073750
21145 37.042671
21227 36.979027
21207 37.018749
21143 37.038986
21169 36.977448
21009 36.946808
21047 36.887890
21219 36.850674
21141 36.854263
21157 36.903976
21121 36.885967
21095 36.878799
21221 36.813915
21231 36.799911
21235 36.779629
21039 36.853786
21147 36.752415
21013 36.712582
21083 36.722778
21057 36.778599
21003 36.784821
21213 36.744717
21053 36.735703
21171 36.734715
21105 36.685135
21035 36.628952
21075 36.569756
37009 36.412453
37005 36.497402
37171 36.409492
37053 36.420025
37131 36.433380
37091 36.392651
37029 36.432194
37073 36.431454
37185 36.382584
37169 36.401489
37033 36.393951
37157 36.395298
37077 36.294804
37145 36.389473
37181 36.367523
37083 36.273399
37139 36.308601
37193 36.206665
37189 36.239628
37143 36.212872
37041 36.055717
37011 36.104969
37197 36.148361
37069 36.057819
37067 36.122799
37081 36.073708
37001 36.039055
37015 36.048302
37135 36.044701
37063 36.046535
37127 35.995079
37121 36.047443
37065 35.907196
37027 35.946201
37199 35.873814
37117 35.815269
37183 35.810989
37115 35.879898
37097 35.780628
37059 35.915390
37003 35.920490
37057 35.809395
37023 35.711452
37187 35.828308
37177 35.788750
37111 35.688736
37151 35.705315
37037 35.714951
37195 35.701279
37159 35.631142
37147 35.582901
37035 35.681248
37021 35.608509
37101 35.501148
37087 35.571209
37055 35.768578
37013 35.581799
37173 35.419811
37079 35.477425
37105 35.457462
37161 35.397125
37191 35.386669
37085 35.403275
37045 35.365345
37109 35.479416
37099 35.260998
37125 35.286770
37119 35.266178
37025 35.353413
37123 35.332745
37167 35.344761
37089 35.303322
37075 35.347233
37107 35.216908
37175 35.208191
37071 35.281406
37149 35.294624
37113 35.154716
37163 34.993996
37137 35.117054
37039 35.128891
37051 35.051727
37103 35.050220
37179 35.003746
37007 34.990940
37093 35.015942
37095 35.481728
37061 34.937210
37153 34.986877
37043 35.068527
37049 35.240051
37165 34.845470
37133 34.727554
37155 34.613132
37031 34.783199
37017 34.626701
37141 34.539921
37047 34.229954
37129 34.229527
37019 34.054234
45045 34.696686
45083 34.919872
45021 35.024872
45091 34.987103
45077 34.879604
45057 34.677479
45073 34.765682
45087 34.703384
45023 34.684879
45007 34.501984
45025 34.617977
45069 34.357407
45059 34.440674
45033 34.413048
45055 34.323662
45039 34.380527
45031 34.322979
45071 34.325920
45001 34.220955
45047 34.141380
45061 34.155079
45041 34.048710
45051 33.910416
45067 34.059074
45079 34.038689
45063 33.887810
45081 34.006222
45085 33.915936
45065 33.925873
45037 33.796280
45027 33.643162
45089 33.560936
45017 33.672729
45003 33.578533
45043 33.460373
45075 33.388287
45015 33.159725
45011 33.272884
45009 33.196960
45035 33.161793
45029 32.916794
45005 32.935024
45049 32.832150
45019 32.695156
45053 32.408512
45013 32.452057
47161 36.486462
47147 36.501873
47165 36.484337
47125 36.486134
47111 36.531754
47027 36.534908
47137 36.592827
47163 36.502285
47091 36.463257
47151 36.413338
47067 36.529980
47025 36.472694
47013 36.416485
47073 36.437592
47049 36.399612
47133 36.366226
47087 36.361679
47019 36.276207
47095 36.327930
47131 36.352993
47183 36.295189
47079 36.324116
47169 36.373028
47021 36.245888
47179 36.298546
47173 36.301392
47159 36.270176
47057 36.260902
47059 36.152992
47037 36.198677
47083 36.297684
47129 36.111153
47005 36.109161
47189 36.147675
47063 36.200993
47043 36.150265
47141 36.176250
47001 36.110016
47171 36.133976
47085 36.047657
47053 36.019073
47045 36.082752
47093 36.027431
47089 36.049629
47029 35.942287
47035 35.959877
47017 35.989544
47041 35.989162
47149 35.840439
47185 35.948685
47145 35.833420
47187 35.904896
47155 35.757008
47081 35.810726
47033 35.807953
47015 35.809731
47097 35.766502
47105 35.660275
47009 35.667786
47177 35.691944
47039 35.623596
47119 35.628925
47135 35.644730
47143 35.597191
47175 35.694626
47077 35.658661
47075 35.586773
47113 35.616970
47007 35.617985
47121 35.481537
47117 35.491222
47031 35.508717
47003 35.491711
47123 35.436237
47101 35.528698
47107 35.452309
47167 35.525261
47023 35.469803
47153 35.392529
47061 35.261639
47181 35.254608
47157 35.196556
47065 35.201012
47099 35.237862
47055 35.221863
47069 35.217674
47071 35.198509
47127 35.295712
47047 35.201740
47109 35.192883
47103 35.187794
47051 35.177727
47011 35.174305
47115 35.152935
47139 35.128536
