    1936      -1      -1      -1    0.03    0.91     0.0       0   52.99       0       0       0       0      63       0       0       0       0     0.0     0.0       0       0       0       0
    1937      -1      -1      -1    0.06    1.68     0.0       0   58.58       0       0       0       0    65.7       0       0       0       0     0.0     0.0       0       0       0       0
    1938      -1      -1      -1    0.05    1.99     0.0       0   64.82       0       0       0       0    68.4       0       0       0       0     0.0     0.0       0       0       0       0
    1939      -1      -1      -1    0.05    2.91     0.0       0    71.8       0       0       0       0    71.1       0       0       0       0     0.0     0.0       0       0       0       0
    1940      -1      -1      -1    0.08    4.04     0.0       0   79.62       0       0       0       0    73.8       0       0       0       0     0.0     0.0       0       0       0       0
    1941      -1      -1      -1    0.12    4.72     0.0       0    88.3       0       0       0       0    76.5       0       0       0       0     0.0     0.0       0       0       0       0
    1942      -1      -1      -1    0.17    5.37     0.0       0   98.13       0       0       0       0    79.2       0       0       0       0     0.0     0.0       0       0       0       0
    1943      -1      -1      -1    0.22     6.8     0.0       0  109.11       0       0       0       0    81.9       0       0       0       0     0.0     0.0       0       0       0       0
    1944      -1      -1      -1     0.2   11.85     0.0       0  109.04       0       0       0       0    84.6       0       0       0       0     0.0     0.0       0       0       0       0
    1945      -1      -1      -1    0.21   14.08     0.0       0  109.05       0       0       0       0    87.3       0       0       0       0     0.0     0.0       0       0       0       0
    1946      -1      -1      -1    0.44   14.28     0.0       0  109.13       0       0       0       0      90       0       0       0       0     0.0     0.0       0       0       0       0
    1947      -1      -1      -1    0.74   20.06     0.0       0  109.28       0       0       0       0    92.7       0       0       0       0     0.0     0.0       0       0       0       0
    1948      -1      -1      -1    1.74   24.09     0.0       0   109.5       0       0       0       0    95.4       0       0       0       0     0.0     0.0       0       0       0       0
    1949      -1      -1      -1    2.76   23.94     0.0       0  105.93       0       0       0       0    98.1       0       0       0       0     0.0     0.0       0       0       0       0
    1950      -1      -1      -1    4.26   30.85     0.0       0   102.5       0       0       0       0   100.8       0       0       0       0     0.0     0.0       0       0       0       0
    1951      -1      -1      -1    6.11   34.36     0.0       0   99.29     0.1       0       0       0   103.5       0       0       0       0     0.0     0.0       0       0       0       0
    1952      -1      -1      -1    9.48   36.23     0.1       0   96.29     0.3       0       0       0   106.2       0       0       0       0     0.0     0.0       0       0       0       0
    1953      -1      -1      -1   12.57   45.77     0.1       0   93.32     0.6       0       0       0   108.9       0       0       0       0     0.0     0.0       0       0       0       0
    1954      -1      -1      -1   15.87   48.94     0.1       0   90.54     1.5       0       0       0   111.6       0       0       0       0     0.0     0.0       0       0       0       0
    1955      -1      -1      -1   20.71   56.18     0.2       0   87.88     3.3       0       0       0   114.3       0       0       0       0     0.0     0.0       0       0       0       0
    1956      -1      -1      -1   26.56   68.17     0.7       0   85.32    7.39       0       0       0     117       0       0       0       0     0.0     0.0       0       0       0       0
    1957      -1      -1      -1   28.91   74.59     1.1       0   82.95   16.38       0       0       0   119.7       0       0       0       0     0.0     0.0       0       0       0       0
    1958      -1      -1      -1   26.36   77.89     1.4       0   83.53   19.59       0       0       0   122.4       0       0       0       0     0.0     0.0       0       0       0       0
    1959      -1      -1      -1   32.68   93.16     2.0       0   84.15   23.29       0       0       0   125.1       0       0       0       0     0.0     0.0       0       0       0       0
    1960      -1      -1      -1   47.21   105.7     2.5    1.66    84.8    27.7       0       0       0   127.8       0       0       0       0     0.0     0.0       0       0    3.17       0
    1961      -1      -1      -1   58.96  115.04     3.0    2.49    84.8      33       0       0       0   130.5       0       0       0       0     0.0     0.0       0       0    3.66       0
    1962      -1      -1      -1   78.05  137.62     3.7    3.32    84.8    39.2       0       0       0   133.2       0       0       0       0     0.0     0.0       0       0    4.16       0
    1963      -1      -1      -1   96.41  159.23     4.4    4.15    88.6    46.6       0       0       0   135.9       0       0       0       0     0.0     0.0       0       0    5.55       0
    1964      -1      -1      -1  118.89  185.69     5.5    4.98    92.7    55.4       0       0    0.01   138.6       0       0       0       0     0.0     0.0       0       0    6.34       0
    1965      -1      -1      -1  135.15  212.58     6.5    5.82      97    65.9       0       0    0.01   141.3       0       0       0       0     0.0     0.0       0       0    6.83       0
    1966      -1      -1      -1  154.03  240.41     8.0    7.48   101.4    78.3       0       0    0.02     144       0       0       0       0     0.0     0.0       0       0     7.2       0
    1967      -1      -1      -1  172.93  270.02     9.6    8.74   106.1    93.1       0    0.01    0.04   146.7       0       0       0       0     0.0     0.0       0       0    7.82       0
    1968      -1      -1      -1  196.61  296.66    11.4   10.82     111   110.7       0    0.02    0.07   149.4       0       0       0       0     0.0     0.0       0       0     8.3       0
    1969      -1      -1      -1  231.81  331.18    13.9   12.92   116.1   131.7       0    0.02     0.1   152.1       0       0       0       0     0.0     0.0       0       0    9.11       0
    1970      -1      -1      -1  254.28     360    16.7   15.43   121.4     155       0    0.04    0.15   154.8       0       0       0       0     0.0     0.0       0       0    9.61    0.57
    1971      -1      -1      -1  277.52  384.52    19.3   18.79     127     175       0     0.1    0.21   157.5       0       0       0       0     0.0     0.0       0       0   10.44    0.81
    1972      -1      -1      -1  319.71  426.57    22.1   22.57   132.8     227       0    0.14    0.28   160.2       0       0       0       0     0.0     0.0       0       0    11.4    1.13
    1973      -1      -1      -1  361.02  472.98    25.6   27.19   138.9     279       0    0.24    0.38   162.9       0       0       0       0     0.0     0.0       0       0   12.24    1.37
    1974      -1      -1      -1  382.09   497.6    29.1   33.09   145.3     314       0     0.3    0.48   165.6       0       0       0       0     0.0     0.0       0       0   13.21    1.67
    1975      -1      -1      -1   329.1  450.15    31.0   40.26   131.2     307       0    0.41    0.61   168.3       0       0       0       0     0.0     0.0       0       0   14.18    1.91
    1976      -1      -1      -1  355.94  487.01    35.1   48.28   131.2     407       0    0.64    0.75     171       0       0       0       0     0.0     0.0       0    0.01   15.15    2.21
    1977      -1      -1      -1  328.85   446.8    39.0   58.86   131.2     480       0    0.78    0.91     168       0       0       0       0     0.0     0.0       0    0.01   16.45    2.44
    1978      -1      -1      -1  310.05  417.31    43.6   66.52   131.2     524       0    0.94    1.08     167       0       0       0       0     0.0     0.0       0    0.01   18.77    2.64
    1979      -1      -1      -1  282.78  408.71    47.8   76.73   131.2     506       0    1.14    1.28     162       0       0       0       0     0.0     0.0       0    0.01   17.15    2.83
    1980      -1      -1      -1  279.08  412.47    52.6   92.13   131.2     552       0     1.3    1.49     152       0       0       0       0     0.0     0.0       0    0.01   16.04    4.01
    1981      -1      -1      -1  277.08  415.16    56.9   96.59   131.2     549       0    1.54    1.68     141       0       0       0       0     0.0     0.0       0    0.01   15.87    4.72
    1982      -1      -1      -1  257.76  393.06    59.9  100.73   131.2     514       0    1.95    1.93     136       0       0       0       0     0.0     0.0       0    0.01   14.78    5.37
    1983      -1      -1      -1  275.04  405.57    65.6  118.54   116.6     541       0    2.12    2.16     134       0       0       0       0     0.0     0.0       0    0.01   15.08    6.17
    1984      -1      -1      -1  294.45  395.65    70.7  153.09   101.9     600       0    2.49     2.5     132       0       0       0       0     0.0     0.0       0    0.01   15.38     6.7
    1985   12.49  485.14    5.33       3       4   137.2   167.6    87.3     588       0     2.9       3   112.5       0       0       0       0     0.0     1.3       0       0      19     6.9
    1986   12.57  489.51    5.46       3       4   147.3   176.2    96.6     609       0     3.4     3.3  113.57       0       0       0       0     0.0     1.3       0       0      21     8.1
    1987   12.65  493.89     5.6       3       4   162.5   202.3   102.7     627       0     3.7     3.9  114.67       0       0       0       0     0.0     2.0       0       0    22.7     8.7
    1988   12.73  498.26    5.73       3       5   178.2   221.7   107.5     678       0     4.2     4.6  115.82       0       0       0       0     0.0     3.7       0       0    22.9     9.4
    1989   12.82  502.63    5.87       3       4   183.9   178.7   113.2     711       0     4.8     5.4  117.02    7.63     0.8       0     0.3     0.0     4.2       0       0    20.5     9.6
    1990    12.9     507       6       2       3   186.2   179.8   116.9   729.8       0     5.2     6.4  118.26    2.44     1.6       0     0.6     0.1    10.2       0       0    20.8      10
    1991   12.98  511.37    6.13       2       2   191.8     181   120.8   750.6       0     5.5     7.2  119.54    3.74     2.4       0     0.9     1.1    18.6       0       0    21.4    10.3
    1992   13.07  515.74    6.27       1       2   190.6   182.1   124.9   771.6       0     5.4     7.8  120.88    7.97     3.8       0     1.2     5.9    21.5       0       0      21    10.5
    1993   13.15  520.11     6.4       1       2   202.0   183.5   128.4   726.3       0     5.6     8.3  122.85   10.25     4.7       0     4.6    18.8    24.6       0       0    21.2    10.8
    1994   13.23  524.49    6.54       1       2   197.0    59.7   132.1   392.5       0     4.5     8.4  124.93   13.19    13.7       0    20.3    31.7    24.9       0       0     9.9     9.3
    1995   13.31  528.86    6.67       1       2   221.4    61.3    25.8   397.4       0     4.6     8.5   121.5   18.34    15.4       0    36.8    41.8    23.4       0       0     9.9     8.9
    1996    13.4  533.23    6.81       1       1   213.9    21.3    10.5    64.9       0     4.6     8.6  122.15   15.44    20.7       0    61.7    49.8    25.7       0       0     6.1     8.7
    1997   13.48   537.6    6.94               1   215.1    23.1    11.5    71.3       0     4.6     8.8  122.83   15.34    23.3       0    98.6    48.7    23.4       0       0     4.4       8
    1998   13.56  541.97    7.07       1       1   242.4    25.1    12.5    77.2       0     4.6       9  123.57   17.69    25.3       0    14.6    55.6    26.9       0       0     4.6     7.5
    1999   13.65  546.34    7.21               1   232.4    21.3    13.6    84.3       0     4.7     9.3  117.37   17.44    27.7       0    39.4    55.9    27.9       0       0     3.5     7.1
    2000    13.5  548.43    6.94               1   243.9    21.3    14.8    91.7       0     4.7     9.2  118.22   16.06    30.3       0    48.6    58.7    27.4       0       0     3.6     6.4
    2001   13.56  552.57    7.04               1   265.9    21.3    16.3   100.6       0     4.8     9.5  111.49   14.88    32.9       0    57.8    56.1    26.5       0       0     3.6     5.8
    2002   13.62  556.71    7.13               1   247.4    21.3    17.6     110       0     4.6     9.7  108.54   14.23    35.3       0    66.9    56.9    24.2       0       0     3.5     5.7
    2003   13.68  560.86    7.23               1   258.3    21.3    19.2    84.3       0     4.6    10.4  102.96    9.43    37.7       0    77.2    51.5    23.9       0       0     3.5     5.4
    2004   13.74     565    7.32                   268.9    21.3    20.9    84.3       0     4.6    11.1  102.96    6.98    27.7       0    89.1    45.2    24.0       0      21     3.5     5.1
    2005    13.8  569.14    7.41                   297.0    10.6       2      59       0     4.3    11.2   95.89   15.27    27.7       0     5.1    43.9    26.8       0    27.2     2.1     4.4
    2006   13.86  573.29    7.51                   310.9    10.6       2      59       0     4.4    12.2   95.89   15.27    27.8       0    19.1    52.1    33.3       0    33.5       2       4
    2007   13.92  577.43     7.6                   333.9     3.2       2      59       0     4.3      13   95.89   15.27    27.4     8.8    36.9    48.1    38.2       0      40       1     3.6
    2008   13.98  581.57     7.7                   340.6     3.2       2      59       0     4.3    13.9   95.89   15.27    27.5    11.5    53.8    51.9    37.1       0    46.3     0.7     3.3
    2009   14.04  585.71    7.79                   404.8     3.2       2      59       0     4.4    13.9   95.89   15.27    27.6    14.1    69.6    55.2    38.5       0    52.2     0.7       3
    2010    14.1  589.86    7.89                   423.2       0       0    25.3       0     4.1    13.9   95.89    5.87    15.9    16.8      98    59.4    39.8       0    81.4     0.1     1.4
    2011   14.16     594    7.98                   443.5       0       0    25.3       0       4     9.5   95.89    5.87      16    19.6    12.7    64.0    41.6       0    93.7     0.1     1.2
    2012   14.22  598.14    8.07                   465.3       0       0    25.3       0     4.1     9.2   95.89    5.87    16.1    22.3    29.6    68.9    43.7       0     6.1     0.1     0.7
    2013   14.28  602.29    8.17                   470.2       0       0    25.3       0     4.2     5.3   95.89    5.87    15.6    34.6    46.1    72.1    44.1       0    18.3       0     0.6
    2014   14.34  606.43    8.26                   474.2       0       0    25.3       0     4.1     5.3   95.89    5.87    15.7    39.9    57.6    75.2    44.5       0    29.7       0     0.6
    2015    14.4  610.57    8.36                   460.5       0       0       0       0       4     5.4   88.95    2.35     5.7    44.9      71    76.8    43.6       0      61       0     0.5
    2016   14.46  614.71    8.45                   449.3       0       0       0       0     3.5     5.5   88.95    2.35     5.6    49.7      83    78.3    42.8       0    77.2       0     0.5
    2017   14.52  618.86    8.55                   440.1       0       0       0       0     3.5     5.6   88.95    2.35     5.6    54.4    95.4    79.7    42.1       0    93.7       0     0.4
    2018   14.58     623    8.64                   432.6       0       0       0       0     2.6     5.7   88.95    2.35     5.3    67.2     9.6    81.1    41.4       0     9.9       0     0.4
    2019   14.64  627.14    8.73                   426.4       0       0       0       0     2.5     5.8   88.95    2.35     5.3    73.8      23    82.4    40.9       0    25.6       0     0.3
    2020    14.7  631.29    8.83                   397.1       0       0       0       0     2.5     5.9   88.95    0.12     1.7    80.2    38.7    81.8    38.9       0    55.4       0     0.3
    2021   14.76  635.43    8.92                   373.0       0       0       0       0     2.5       4   88.95    0.12     1.7    86.5    54.6    81.2    37.1       0    72.7       0     0.2
    2022   14.82  639.57    9.02                   353.3       0       0       0       0     2.5     3.8   88.95    0.12     1.6    92.7    68.3    80.7    35.5       0    89.7       0     0.1
    2023   14.88  643.71    9.11                   337.1       0       0       0       0     2.5     3.1   88.95    0.12     1.5   105.7    84.3    80.2    34.1       0     6.8       0       0
    2024   14.94  647.86    9.21                   323.9       0       0       0       0     2.4     1.8   88.95    0.12     1.5   112.4    98.7    79.7    32.9       0    23.4       0       0
    2025      15     652     9.3                   289.5       0       0       0       0     2.5     1.7   88.95    0.12     1.5     119    13.5    77.5    30.5       0    40.2       0       0
    2026   15.02  654.04    9.41                   261.2       0       0       0       0     2.2     1.7   88.95    0.12     1.5   125.4    31.3    75.4    28.4       0    65.4       0       0
    2027   15.04  656.08    9.52                   238.1       0       0       0       0     2.1     1.6   88.95    0.12     1.5   131.8    45.1    73.4    26.6       0    81.3       0       0
    2028   15.06  658.12    9.63                   219.1       0       0       0       0     1.9     1.6   88.95    0.12     1.5   138.2    59.2    71.5    24.9       0    97.8       0       0
    2029   15.08  660.16    9.74                   203.5       0       0       0       0     1.7     0.3   88.95    0.12     1.5   148.8    73.7    69.7    23.4       0    14.2       0       0
    2030    15.1   662.2    9.85                   168.7       0       0       0       0     1.2     0.3   88.95       0     1.1   154.7    88.7    66.3    21.0       0    31.4       0       0
    2031   15.12  664.24    9.96                   140.2       0       0       0       0       1     0.2   88.95       0     1.1   160.6     5.8    63.1    18.8       0    55.4       0       0
    2032   15.14  666.28   10.07                   116.7       0       0       0       0       1     0.2   88.95       0     1.1   166.7    21.5    60.1    16.8       0    72.5       0       0
    2033   15.16  668.32   10.17                    97.5       0       0       0       0     0.6     0.2   88.95       0     1.1     173    37.8    57.3    15.0       0    97.2       0       0
    2034   15.18  670.36   10.28                    81.8       0       0       0       0     0.5     0.1   88.95       0     1.1   182.8    54.4    54.5    13.5       0    14.8       0       0
    2035    15.2   672.4   10.39                    68.9       0       0       0       0     0.5     0.1   88.95       0     1.1   188.9    71.5    51.9    12.1       0    32.1       0       0
    2036   15.22  674.44    10.5                    58.3       0       0       0       0     0.5     0.1   88.95       0     1.1   195.1    89.6    49.5    10.9       0      53       0       0
    2037   15.24  676.48   10.61                    49.6       0       0       0       0     0.5     0.1   88.95       0     1.1   201.4       7    47.1     9.8       0    70.8       0       0
    2038   15.26  678.52   10.72                    42.5       0       0       0       0     0.4     0.1   88.95       0     1.1   207.9    24.9    44.9     8.8       0    88.8       0       0
    2039   15.28  680.56   10.83                    36.7       0       0       0       0     0.4       0   88.95       0     1.1   215.8    43.3    42.8     7.9       0    16.5       0       0
    2040    15.3   682.6   10.94                    30.1       0       0       0       0     0.4       0   88.95       0     0.9   222.4    64.7    40.7     7.0       0    67.3       0       0
    2041   15.32  684.64   11.05                    24.6       0       0       0       0     0.2       0   88.95    10.2     0.8   229.1      85    38.6     6.3       0    95.6       0       0
    2042   15.34  686.68   11.16                    20.2       0       0       0       0     0.2       0   88.95     9.1     0.7   236.1     5.8    36.7     5.6       0    24.1       0       0
    2043   15.36  688.72   11.27                    16.6       0       0       0       0     0.2       0   88.95     8.2       0   255.7    29.3    34.9     5.0       0    52.4       0       0
    2044   15.38  690.76   11.38                    13.6       0       0       0       0     0.1       0   88.95     7.5       0   266.4    50.7    33.1     4.4       0    87.7       0       0
    2045    15.4   692.8   11.49                    11.1       0       0       0       0     0.1       0   88.95     6.6       0   276.9    72.5    31.5     3.9       0    15.2       0       0
    2046   15.42  694.84    11.6                     9.1       0       0       0       0     0.1       0   88.95       6       0   287.2    94.9    29.9     3.5       0    43.4       0       0
    2047   15.44  696.88   11.71                     7.5       0       0       0       0       0       0   88.95     5.4       0   297.5    17.9    28.4     3.1       0    71.1       0       0
    2048   15.46  698.92   11.81                     6.1       0       0       0       0       0       0   88.95     4.9       0   307.8    41.3    27.0     2.8       0      99       0       0
    2049   15.48  700.96   11.92                     5.0       0       0       0       0       0       0   88.95     4.4       0   318.1    65.2    25.6     2.5       0    30.1       0       0
    2050    15.5     703   12.03                     4.1       0       0       0       0       0       0   88.95     3.9       0   328.3    89.8    24.3     2.2       0    57.4       0       0
    2051   15.52  705.04   12.14       0       0    34.9       0       0       0       0       0       0   88.95     3.5       0   338.5     9.2    30.4     0.0       0    79.3       0       0
    2052   15.54  707.08   12.25       0       0    31.7       0       0       0       0       0       0   88.95     3.2       0   348.8    27.1    29.2     0.0       0      99       0       0
    2053   15.56  709.12   12.36       0       0    28.8       0       0       0       0       0       0   88.95     2.9       0   358.7    43.8    28.0     0.0   0.001    17.5       0       0
    2054   15.58  711.16   12.47       0       0    26.1       0       0       0       0       0       0   88.95     2.6       0   366.1    50.7    26.8     0.0   0.001    34.5       0       0
    2055    15.6   713.2   12.58       0       0    23.8       0       0       0       0       0       0   88.95     2.3       0   372.7    57.3    25.7     0.0   0.001    50.4       0       0
    2056   15.62  715.24   12.69       0       0     0.0       0       0       0       0       0       0   88.95       0       0   378.7    67.2    24.5     0.0   0.001    76.8       0       0
    2057   15.64  717.28    12.8       0       0     0.0       0       0       0       0       0       0   88.95       0       0     384      73    23.4     0.0   0.001    89.6       0       0
    2058   15.66  719.32   12.91       0       0     0.0       0       0       0       0       0       0   88.95       0       0     389    78.4    22.2     0.0   0.001     1.4       0       0
    2059   15.68  721.36   13.02       0       0     0.0       0       0       0       0       0       0   88.95       0       0   399.6    83.7    20.7     0.0   0.001    12.9       0       0
    2060    15.7   723.4   13.13       0       0     0.0       0       0       0       0       0       0   88.95       0       0     403    88.8    20.2     0.0   0.001    22.8       0       0
    2061   15.72  725.44   13.24       0       0     0.0       0       0       0       0       0       0   88.95       0       0   406.1    93.7    19.0     0.0   0.001    32.9       0       0
    2062   15.74  727.48   13.35       0       0     0.0       0       0       0       0       0       0   88.95       0       0   408.9    98.5    17.9     0.0   0.001    42.2       0       0
    2063   15.76  729.52   13.45       0       0     0.0       0       0       0       0       0       0   88.95       0       0   411.4     3.1    17.3     0.0   0.001    50.6       0       0
    2064   15.78  731.56   13.56       0       0     0.0       0       0       0       0       0       0   88.95       0       0   413.8     7.6    16.1     0.0   0.001      59       0       0
    2065    15.8   733.6   13.67       0       0     0.0       0       0       0       0       0       0   88.95       0       0   415.9    11.9    15.6     0.0   0.001    66.6       0       0
    2066   15.82  735.64   13.78       0       0     0.0       0       0       0       0       0       0   88.95       0       0   417.8    16.5    14.4     0.0   0.001    73.8       0       0
    2067   15.84  737.68   13.89       0       0     0.0       0       0       0       0       0       0   88.95       0       0   419.6    16.5    13.8     0.0   0.001    78.1       0       0
    2068   15.86  739.72      14       0       0     0.0       0       0       0       0       0       0   88.95       0       0   421.2    16.5    13.3     0.0   0.001    82.2       0       0
    2069   15.88  741.76   14.11       0       0     0.0       0       0       0       0       0       0   88.95       0       0   422.4    16.5     0.0     0.0   0.001    98.9       0       0
    2070    15.9   743.8   14.22       0       0     0.0       0       0       0       0       0       0   88.95       0       0   422.4    16.5     0.0     0.0   0.001     2.2       0       0
    2071   15.92  745.84   14.33       0       0     0.0       0       0       0       0       0       0   88.95       0       0   422.4    16.5     0.0     0.0   0.001     5.4       0       0
    2072   15.94  747.88   14.44       0       0     0.0       0       0       0       0       0       0   88.95       0       0   422.4    16.5     0.0     0.0   0.001     8.5       0       0
    2073   15.96  749.92   14.55       0       0     0.0       0       0       0       0       0       0   88.95       0       0   422.4    16.5     0.0     0.0   0.001    11.5       0       0
    2074   15.98  751.96   14.66       0       0     0.0       0       0       0       0       0       0   88.95       0       0   422.4    16.5     0.0     0.0   0.001    14.5       0       0
    2075      16     754   14.77       0       0     0.0       0       0       0       0       0       0   88.95       0       0   422.4    16.5     0.0     0.0   0.001    17.2       0       0
    2076   16.02  756.04   14.88       0       0     0.0       0       0       0       0       0       0   88.95       0       0   422.4    16.6     0.0     0.0   0.001      20       0       0
    2077   16.04  758.08   14.99       0       0     0.0       0       0       0       0       0       0   88.95       0       0   422.4    16.6     0.0     0.0   0.001    22.6       0       0
    2078   16.06  760.12   15.09       0       0     0.0       0       0       0       0       0       0   88.95       0       0   422.4    16.6     0.0     0.0   0.001    25.1       0       0
    2079   16.08  762.16    15.2       0       0     0.0       0       0       0       0       0       0   88.95       0       0   422.4    16.6     0.0     0.0   0.001    27.6       0       0
    2080    16.1   764.2   15.31       0       0     0.0       0       0       0       0       0       0   88.95       0       0   422.4    16.6     0.0     0.0   0.001    27.6       0       0
    2081   16.12  766.24   15.42       0       0     0.0       0       0       0       0       0       0   88.95       0       0   422.4    16.6     0.0     0.0   0.001    27.6       0       0
    2082   16.14  768.28   15.53       0       0     0.0       0       0       0       0       0       0   88.95       0       0   422.4    16.6     0.0     0.0   0.001    27.6       0       0
    2083   16.16  770.32   15.64       0       0     0.0       0       0       0       0       0       0   88.95       0       0   422.4    16.6     0.0     0.0   0.001    27.6       0       0
    2084   16.18  772.36   15.75       0       0     0.0       0       0       0       0       0       0   88.95       0       0   422.4    16.6     0.0     0.0   0.001    27.6       0       0
    2085    16.2   774.4   15.86       0       0     0.0       0       0       0       0       0       0   88.95       0       0   422.4    16.6     0.0     0.0   0.001    27.6       0       0
    2086   16.22  776.44   15.97       0       0     0.0       0       0       0       0       0       0   88.95       0       0   422.4    16.6     0.0     0.0   0.001    27.6       0       0
    2087   16.24  778.48   16.08       0       0     0.0       0       0       0       0       0       0   88.95       0       0   422.4    16.6     0.0     0.0   0.001    27.6       0       0
    2088   16.26  780.52   16.19       0       0     0.0       0       0       0       0       0       0   88.95       0       0   422.4    16.6     0.0     0.0   0.001    27.6       0       0
    2089   16.28  782.56    16.3       0       0     0.0       0       0       0       0       0       0   88.95       0       0   422.4    16.6     0.0     0.0   0.001    27.6       0       0
    2090    16.3   784.6   16.41       0       0     0.0       0       0       0       0       0       0   88.95       0       0   422.4    16.6     0.0     0.0   0.001    27.6       0       0
    2091   16.32  786.64   16.52       0       0     0.0       0       0       0       0       0       0   88.95       0       0   422.4    16.6     0.0     0.0   0.001    27.6       0       0
    2092   16.34  788.68   16.63       0       0     0.0       0       0       0       0       0       0   88.95       0       0   422.4    16.6     0.0     0.0   0.001    27.6       0       0
    2093   16.36  790.72   16.73       0       0     0.0       0       0       0       0       0       0   88.95       0       0   422.4    16.6     0.0     0.0   0.001    27.6       0       0
    2094   16.38  792.76   16.84       0       0     0.0       0       0       0       0       0       0   88.95       0       0   422.4    16.6     0.0     0.0   0.001    27.6       0       0
    2095    16.4   794.8   16.95       0       0     0.0       0       0       0       0       0       0   88.95       0       0   422.4    16.6     0.0     0.0   0.001    27.6       0       0
    2096   16.42  796.84   17.06       0       0     0.0       0       0       0       0       0       0   88.95       0       0   422.4    16.6     0.0     0.0   0.001    27.6       0       0
    2097   16.44  798.88   17.17       0       0     0.0       0       0       0       0       0       0   88.95       0       0   422.4    16.6     0.0     0.0   0.001    27.6       0       0
    2098   16.46  800.92   17.28       0       0     0.0       0       0       0       0       0       0   88.95       0       0   422.4    16.6     0.0     0.0   0.001    27.6       0       0
    2099   16.48  802.96   17.39       0       0     0.0       0       0       0       0       0       0   88.95       0       0   422.4    16.6     0.0     0.0   0.001    27.6       0       0
    2100    16.5     805    17.5       0       0     0.0       0       0       0       0       0       0   88.95       0       0   422.4    16.6     0.0     0.0   0.001    27.6       0       0
