10001 39.102409
10003 39.458660
10005 38.705330
11001 38.891693
23001 44.227444
23003 46.877945
23005 43.769039
23007 44.869064
23009 44.721836
23011 44.370186
23013 44.143333
23015 44.064884
23017 44.465336
23019 45.546963
23021 45.826408
23023 44.025612
23025 45.590969
23027 44.464340
23029 45.108715
23031 43.441742
24001 39.634918
24003 38.994251
24005 39.233059
24009 38.564838
24011 38.882984
24013 39.537018
24015 39.634972
24017 38.501263
24019 38.439831
24021 39.484192
24023 39.546158
24025 39.554790
24027 39.239376
24029 39.302444
24031 39.152889
24033 38.893055
24035 39.086262
24037 38.317703
24039 38.116898
24041 38.785976
24043 39.663494
24045 38.366566
24047 38.152988
24510 39.302353
25001 41.669395
25003 42.392979
25005 41.786381
25007 41.396019
25009 42.661858
25011 42.571796
25013 42.119404
25015 42.339005
25017 42.431393
25019 41.260773
25021 42.165989
25023 41.925632
25025 42.308163
25027 42.359329
33001 43.545567
33003 43.893181
33005 42.945358
33007 44.707832
33009 43.970181
33011 42.898460
33013 43.326969
33015 42.993698
33017 43.280701
33019 43.377472
34001 39.490643
34003 40.924507
34005 39.931824
34007 39.783905
34009 39.165215
34011 39.342842
34013 40.788799
34015 39.755489
34017 40.733418
34019 40.538132
34021 40.268337
34023 40.423992
34025 40.261997
34027 40.879471
34029 39.875965
34031 41.080986
34033 39.587948
34035 40.562180
34037 41.124100
34039 40.655186
34041 40.881771
36001 42.597565
36003 42.261021
36005 40.865501
36007 42.123260
36009 42.241226
36011 42.943153
36013 42.224087
36015 42.147362
36017 42.468884
36019 44.717602
36021 42.235264
36023 42.598251
36025 42.216064
36027 41.760700
36029 42.761974
36031 44.098255
36033 44.553173
36035 43.107327
36037 43.005714
36039 42.259464
36041 43.666382
36043 43.454090
36045 44.027946
36047 40.655609
36049 43.810825
36051 42.732586
36053 42.908112
36055 43.121094
36057 42.878094
36059 40.764465
36061 40.800129
36063 43.193962
36065 43.194599
36067 43.025875
36069 42.902718
36071 41.392708
36073 43.251392
36075 43.446098
36077 42.651520
36079 41.427334
36081 40.721138
36083 42.713455
36085 40.581001
36087 41.164349
36089 44.483952
36091 43.089268
36093 42.846539
36095 42.563858
36097 42.420158
36099 42.788528
36101 42.291546
36103 40.884426
36105 41.719158
36107 42.153557
36109 42.452831
36111 41.865589
36113 43.262554
36115 43.374355
36117 43.146206
36119 41.139843
36121 42.702450
36123 42.633163
39001 38.860641
39003 40.756001
39005 40.812263
39007 41.706635
39009 39.322521
39011 40.567871
39013 40.002979
39015 38.883507
39017 39.435944
39019 40.575314
39021 40.130547
39023 39.907600
39025 39.019463
39027 39.404175
39029 40.747574
39031 40.299038
39033 40.846592
39035 41.402405
39037 40.135540
39039 41.339005
39041 40.275784
39043 41.350662
39045 39.764019
39047 39.537815
39049 39.963985
39051 41.598751
39053 38.804577
39055 41.490509
39057 39.694214
39059 40.049091
39061 39.195793
39063 40.988331
39065 40.664314
39067 40.294922
39069 41.323753
39071 39.190147
39073 39.520912
39075 40.558887
39077 41.137012
39079 39.011570
39081 40.374775
39083 40.396076
39085 41.701340
39087 38.586891
39089 40.090584
39091 40.380836
39093 41.314308
39095 41.668972
39097 39.906303
39099 41.014881
39101 40.572819
39103 41.130508
39105 39.101555
39107 40.540516
39109 40.057407
39111 39.712841
39113 39.755375
39115 39.606045
39117 40.532444
39119 39.958782
39121 39.763145
39123 41.524395
39125 41.119564
39127 39.734669
39129 39.473026
39131 39.066696
39133 41.164585
39135 39.741592
39137 41.008698
39139 40.771015
39141 39.341568
39143 41.353699
39145 38.837902
39147 41.119637
39149 40.336685
39151 40.816280
39153 41.128731
39155 41.312965
39157 40.430466
39159 40.305714
39161 40.857632
39163 39.264446
39165 39.421562
39167 39.517059
39169 40.828014
39171 41.564899
39173 41.360291
39175 40.835979
42001 39.874477
42003 40.479542
42005 40.757786
42007 40.676743
42009 39.994263
42011 40.424759
42013 40.494267
42015 41.785667
42017 40.373192
42019 40.920979
42021 40.479122
42023 41.423820
42025 40.931110
42027 40.928497
42029 39.984238
42031 41.186222
42033 40.983452
42035 41.279404
42037 41.060123
42039 41.669346
42041 40.157082
42043 40.420265
42045 39.911091
42047 41.421680
42049 42.003014
42051 39.901310
42053 41.528625
42055 39.955738
42057 39.941097
42059 39.864334
42061 40.403732
42063 40.654232
42065 41.143024
42067 40.586674
42069 41.414757
42071 40.031075
42073 40.992420
42075 40.361404
42077 40.644627
42079 41.159706
42081 41.318081
42083 41.815804
42085 41.299931
42087 40.646156
42089 41.051178
42091 40.193218
42093 41.059052
42095 40.696960
42097 40.819744
42099 40.401566
42101 40.008224
42103 41.324440
42105 41.736557
42107 40.730770
42109 40.774689
42111 40.003147
42113 41.427822
42115 41.819893
42117 41.774479
42119 40.974396
42121 41.396069
42123 41.814545
42125 40.169411
42127 41.644848
42129 40.300613
42131 41.514595
42133 39.906391
44001 41.726624
44003 41.664642
44005 41.570225
44007 41.867790
44009 41.475761
50001 44.058792
50003 43.022240
50005 44.435127
50007 44.469765
50009 44.707462
50011 44.835045
50013 44.792244
50015 44.598366
50017 44.012917
50019 44.799988
50021 43.573792
50023 44.313053
50025 42.981628
50027 43.552223
51001 37.561836
51003 37.886063
51005 37.821602
51007 37.352459
51009 37.619858
51011 37.368240
51013 38.884651
51015 38.162346
51017 38.062229
51019 37.175037
51021 37.150963
51023 37.362835
51025 36.773438
51027 37.085464
51029 37.555969
51031 37.231113
51033 38.019520
51035 36.719582
51036 37.358921
51037 36.744480
51041 37.379448
51043 39.113079
51045 37.493214
51047 38.532440
51049 37.476486
51051 37.118191
51053 37.080982
51057 37.925133
51059 38.759384
51061 38.764687
51063 36.912022
51065 37.853420
51067 36.990562
51069 39.220097
51071 37.297771
51073 37.445564
51075 37.710976
51077 36.666958
51079 38.329922
51081 36.614418
51083 36.617462
51085 37.784649
51087 37.434017
51089 36.604458
51091 38.377445
51093 36.922054
51095 37.328041
51097 37.740078
51099 38.257088
51101 37.675667
51103 37.740555
51105 36.659641
51107 39.123295
51109 38.000629
51111 36.970699
51113 38.413525
51115 37.457569
51117 36.706245
51119 37.597263
51121 37.173851
51125 37.753017
51127 37.496410
51131 37.436665
51133 37.903900
51135 37.131081
51137 38.226665
51139 38.585190
51141 36.689415
51143 36.552925
51145 37.573299
51147 37.213291
51149 37.203300
51153 38.659874
51155 37.043457
51157 38.708118
51159 37.939323
51161 37.216892
51163 37.835377
51165 38.350594
51167 36.946033
51169 36.728550
51171 38.842403
51173 36.829712
51175 36.700024
51177 38.186676
51179 38.445988
51181 37.090149
51183 36.919426
51185 37.098431
51187 38.908455
51191 36.734306
51193 38.114910
51195 36.910633
51197 36.918987
51199 37.253696
51510 38.824986
51515 37.328785
51520 36.605621
51530 37.723618
51540 38.039177
51550 36.691322
51560 37.833862
51570 37.259716
51580 37.779987
51590 36.584206
51595 36.690720
51600 38.844212
51610 38.878410
51620 36.673786
51630 38.285976
51640 36.649841
51650 37.048061
51660 38.437428
51670 37.293167
51678 37.781910
51680 37.410793
51683 38.753647
51685 38.772026
51690 36.685318
51700 37.096966
51710 36.889969
51720 36.942932
51730 37.203766
51735 37.138409
51740 36.810925
51750 37.128685
51760 37.531860
51770 37.271908
51775 37.289165
51780 36.697384
51790 38.150364
51800 36.684929
51810 36.567394
51820 38.067917
51830 37.274712
51840 39.170650
54001 39.099529
54003 39.453987
54005 38.021805
54007 38.693932
54009 40.287632
54011 38.266300
54013 38.840733
54015 38.498547
54017 39.252415
54019 38.024113
54021 38.953846
54023 39.103214
54025 37.979305
54027 39.336445
54029 40.508999
54031 39.006351
54033 39.282658
54035 38.857220
54037 39.292706
54039 38.365486
54041 38.997688
54043 38.148457
54045 37.811028
54047 37.362495
54049 39.505142
54051 39.876541
54053 38.825203
54055 37.436588
54057 39.344177
54059 37.650459
54061 39.639359
54063 37.584858
54065 39.525635
54067 38.282055
54069 40.103313
54071 38.685204
54073 39.368206
54075 38.269852
54077 39.494728
54079 38.535797
54081 37.699505
54083 38.896252
54085 39.168530
54087 38.723663
54089 37.645870
54091 39.317272
54093 39.110287
54095 39.456059
54097 38.926670
54099 38.114155
54101 38.495903
54103 39.592690
54105 39.030617
54107 39.233288
54109 37.634232
 9001 41.292500
 9003 41.818764
 9005 41.778957
 9007 41.453472
 9009 41.409985
 9011 41.476749
 9013 41.839947
 9015 41.833130
